Hostname,LocalIP,HostType,OSVersion,Product,CVE ID,CVE Description,Status,Severity,Created Date,Closed Date,Base Score,CVSS Version,Vector,Vendor Advisory,References,Recommended Remediations,Remediation Details,Remediation Links,Tags,Vulnerable Product Versions,Asset Criticality,Vulnerability ID,Types
PAYMENTSPROD-0001,10.4.52.175,Server,RHEL 9,Microsoft SharePoint Server,CVE-2023-29357,A privilege escalation vulnerability in SharePoint Server allows an attacker to gain administrator privileges.,Closed,Critical,2026-07-18,2026-07-24,9.8,3.1,CVSS:3.1/AV:N/AC:L/PR:N/UI:N/S:U/C:H/I:H/A:H,https://vendor-advisories.example.com/CVE-2023-29357,https://nvd.nist.gov/vuln/detail/CVE-2023-29357,Apply vendor patch immediately; isolate host from network if patch unavailable within 24h.,Update Microsoft SharePoint Server to a version above Subscription Edition.,https://downloads.example.com/microsoft-sharepoint-server,Payments-Prod,Microsoft SharePoint Server <= Subscription Edition,Critical,VULN-5667265,Software Vulnerability
PAYMENTSPROD-0001,10.4.52.175,Server,RHEL 9,MySQL,CVE-2024-6670,An authentication vulnerability in MySQL allows unauthorized password reset.,Open,High,2025-10-07,,8.1,3.1,CVSS:3.1/AV:N/AC:L/PR:N/UI:N/S:U/C:H/I:N/A:N,https://vendor-advisories.example.com/CVE-2024-6670,https://nvd.nist.gov/vuln/detail/CVE-2024-6670,Schedule patch within next maintenance window; apply compensating WAF/firewall rule if delayed.,Update MySQL to a version above 8.0.35.,https://downloads.example.com/mysql,Payments-Prod,MySQL <= 8.0.35,Critical,VULN-3678638,Software Vulnerability
PAYMENTSPROD-0001,10.4.52.175,Server,RHEL 9,nginx,CVE-2023-44487,HTTP/2 Rapid Reset allows a denial-of-service attack against affected servers.,Closed,High,2026-05-08,2026-05-16,7.5,3.1,CVSS:3.1/AV:N/AC:L/PR:N/UI:N/S:U/C:N/I:N/A:H,https://vendor-advisories.example.com/CVE-2023-44487,https://nvd.nist.gov/vuln/detail/CVE-2023-44487,Schedule patch within next maintenance window; apply compensating WAF/firewall rule if delayed.,Update nginx to a version above 1.24.,https://downloads.example.com/nginx,Payments-Prod,nginx <= 1.24,Critical,VULN-6647119,Software Vulnerability
PAYMENTSPROD-0001,10.4.52.175,Server,RHEL 9,MOVEit Transfer,CVE-2023-34362,A SQL injection vulnerability in MOVEit Transfer allows unauthenticated remote code execution.,Closed,Critical,2025-11-25,2025-12-16,9.8,3.1,CVSS:3.1/AV:N/AC:L/PR:N/UI:N/S:U/C:H/I:H/A:H,https://vendor-advisories.example.com/CVE-2023-34362,https://nvd.nist.gov/vuln/detail/CVE-2023-34362,Apply vendor patch immediately; isolate host from network if patch unavailable within 24h.,Update MOVEit Transfer to a version above 2023.0.,https://downloads.example.com/moveit-transfer,Payments-Prod,MOVEit Transfer <= 2023.0,Critical,VULN-1728977,Software Vulnerability
PAYMENTSPROD-0001,10.4.52.175,Server,RHEL 9,Veeam Backup,CVE-2024-29849,An authentication bypass vulnerability allows unauthorized access to Veeam Backup Enterprise Manager.,Closed,High,2026-05-27,2026-07-03,8.1,3.1,CVSS:3.1/AV:N/AC:L/PR:N/UI:N/S:U/C:H/I:N/A:N,https://vendor-advisories.example.com/CVE-2024-29849,https://nvd.nist.gov/vuln/detail/CVE-2024-29849,Schedule patch within next maintenance window; apply compensating WAF/firewall rule if delayed.,Update Veeam Backup to a version above 12.1.,https://downloads.example.com/veeam-backup,Payments-Prod,Veeam Backup <= 12.1,Critical,VULN-7350753,Software Vulnerability
PAYMENTSPROD-0001,10.4.52.175,Server,RHEL 9,OpenSSH,CVE-2024-6387,A signal handler race condition in OpenSSH server allows unauthenticated remote code execution.,Closed,Critical,2025-11-13,2025-11-28,9.8,3.1,CVSS:3.1/AV:N/AC:H/PR:N/UI:N/S:U/C:H/I:H/A:H,https://vendor-advisories.example.com/CVE-2024-6387,https://nvd.nist.gov/vuln/detail/CVE-2024-6387,Apply vendor patch immediately; isolate host from network if patch unavailable within 24h.,Update OpenSSH to a version above 8.9p1.,https://downloads.example.com/openssh,Payments-Prod,OpenSSH <= 8.9p1,Critical,VULN-4226067,Software Vulnerability
PAYMENTSPROD-0001,10.4.52.175,Server,RHEL 9,xz-utils,CVE-2024-3094,A backdoor was discovered in xz-utils that allows remote code execution via SSH.,Closed,Critical,2025-11-08,2025-11-11,10.0,3.1,CVSS:3.1/AV:N/AC:L/PR:N/UI:N/S:C/C:H/I:H/A:H,https://vendor-advisories.example.com/CVE-2024-3094,https://nvd.nist.gov/vuln/detail/CVE-2024-3094,Apply vendor patch immediately; isolate host from network if patch unavailable within 24h.,Update xz-utils to a version above 5.6.0.,https://downloads.example.com/xz-utils,Payments-Prod,xz-utils <= 5.6.0,Critical,VULN-5855124,Software Vulnerability
PAYMENTSPROD-0001,10.4.52.175,Server,RHEL 9,Windows Common Log File System Driver,CVE-2024-49138,A privilege escalation vulnerability allows an attacker to gain SYSTEM privileges.,Open,High,2025-11-13,,7.8,3.1,CVSS:3.1/AV:L/AC:L/PR:L/UI:N/S:U/C:H/I:H/A:H,https://vendor-advisories.example.com/CVE-2024-49138,https://nvd.nist.gov/vuln/detail/CVE-2024-49138,Schedule patch within next maintenance window; apply compensating WAF/firewall rule if delayed.,Update Windows Common Log File System Driver to a version above Windows Server 2019.,https://downloads.example.com/windows-common-log-file-system-driver,Payments-Prod,Windows Common Log File System Driver <= Windows Server 2019,Critical,VULN-2694522,Software Vulnerability
PAYMENTSPROD-0001,10.4.52.175,Server,RHEL 9,ConnectWise ScreenConnect,CVE-2024-1709,An authentication bypass in ScreenConnect allows an attacker to create an administrative account.,Closed,Critical,2026-04-16,2026-04-23,10.0,3.1,CVSS:3.1/AV:N/AC:L/PR:N/UI:N/S:U/C:H/I:H/A:H,https://vendor-advisories.example.com/CVE-2024-1709,https://nvd.nist.gov/vuln/detail/CVE-2024-1709,Apply vendor patch immediately; isolate host from network if patch unavailable within 24h.,Update ConnectWise ScreenConnect to a version above 23.9.,https://downloads.example.com/connectwise-screenconnect,Payments-Prod,ConnectWise ScreenConnect <= 23.9,Critical,VULN-4514944,Software Vulnerability
PAYMENTSPROD-0001,10.4.52.175,Server,RHEL 9,Jenkins,CVE-2024-23897,An arbitrary file read vulnerability in Jenkins' CLI command parser can lead to RCE.,Open,Critical,2026-02-17,,9.8,3.1,CVSS:3.1/AV:N/AC:L/PR:N/UI:N/S:U/C:H/I:H/A:H,https://vendor-advisories.example.com/CVE-2024-23897,https://nvd.nist.gov/vuln/detail/CVE-2024-23897,Apply vendor patch immediately; isolate host from network if patch unavailable within 24h.,Update Jenkins to a version above 2.441.,https://downloads.example.com/jenkins,Payments-Prod,Jenkins <= 2.441,Critical,VULN-2197935,Software Vulnerability
PAYMENTSPROD-0001,10.4.52.175,Server,RHEL 9,VMware Aria Operations,CVE-2023-20887,A command injection vulnerability allows remote code execution on the appliance.,Closed,High,2025-12-30,2026-01-11,8.6,3.1,CVSS:3.1/AV:N/AC:L/PR:H/UI:N/S:U/C:H/I:H/A:H,https://vendor-advisories.example.com/CVE-2023-20887,https://nvd.nist.gov/vuln/detail/CVE-2023-20887,Schedule patch within next maintenance window; apply compensating WAF/firewall rule if delayed.,Update VMware Aria Operations to a version above 8.10.,https://downloads.example.com/vmware-aria-operations,Payments-Prod,VMware Aria Operations <= 8.10,Critical,VULN-8755439,Software Vulnerability
PAYMENTSPROD-0001,10.4.52.175,Server,RHEL 9,WordPress Backup Migration Plugin,CVE-2023-6553,A remote code execution vulnerability in the Backup Migration WordPress plugin.,Closed,High,2026-04-16,2026-05-26,8.8,3.1,CVSS:3.1/AV:N/AC:L/PR:N/UI:N/S:U/C:H/I:H/A:H,https://vendor-advisories.example.com/CVE-2023-6553,https://nvd.nist.gov/vuln/detail/CVE-2023-6553,Schedule patch within next maintenance window; apply compensating WAF/firewall rule if delayed.,Update WordPress Backup Migration Plugin to a version above 1.3.7.,https://downloads.example.com/wordpress-backup-migration-plugin,Payments-Prod,WordPress Backup Migration Plugin <= 1.3.7,Critical,VULN-6440561,Software Vulnerability
PAYMENTSPROD-0002,10.1.161.104,Workstation,Windows 10,nginx,CVE-2023-44487,HTTP/2 Rapid Reset allows a denial-of-service attack against affected servers.,Closed,High,2026-03-14,2026-03-27,7.5,3.1,CVSS:3.1/AV:N/AC:L/PR:N/UI:N/S:U/C:N/I:N/A:H,https://vendor-advisories.example.com/CVE-2023-44487,https://nvd.nist.gov/vuln/detail/CVE-2023-44487,Schedule patch within next maintenance window; apply compensating WAF/firewall rule if delayed.,Update nginx to a version above 1.24.,https://downloads.example.com/nginx,Payments-Prod,nginx <= 1.24,Critical,VULN-8698256,Software Vulnerability
PAYMENTSPROD-0002,10.1.161.104,Workstation,Windows 10,ConnectWise ScreenConnect,CVE-2024-1709,An authentication bypass in ScreenConnect allows an attacker to create an administrative account.,Closed,Critical,2025-12-16,2025-12-27,10.0,3.1,CVSS:3.1/AV:N/AC:L/PR:N/UI:N/S:U/C:H/I:H/A:H,https://vendor-advisories.example.com/CVE-2024-1709,https://nvd.nist.gov/vuln/detail/CVE-2024-1709,Apply vendor patch immediately; isolate host from network if patch unavailable within 24h.,Update ConnectWise ScreenConnect to a version above 23.9.,https://downloads.example.com/connectwise-screenconnect,Payments-Prod,ConnectWise ScreenConnect <= 23.9,Critical,VULN-8187926,Software Vulnerability
PAYMENTSPROD-0002,10.1.161.104,Workstation,Windows 10,Microsoft Exchange Server,CVE-2024-49040,A spoofing vulnerability in Microsoft Exchange Server allows message header manipulation.,Closed,Medium,2026-04-26,2026-07-31,6.5,3.1,CVSS:3.1/AV:N/AC:L/PR:N/UI:N/S:U/C:N/I:L/A:N,https://vendor-advisories.example.com/CVE-2024-49040,https://nvd.nist.gov/vuln/detail/CVE-2024-49040,Include in next scheduled patch cycle.,Update Microsoft Exchange Server to a version above 2019.,https://downloads.example.com/microsoft-exchange-server,Payments-Prod,Microsoft Exchange Server <= 2019,Critical,VULN-3320821,Software Vulnerability
PAYMENTSPROD-0002,10.1.161.104,Workstation,Windows 10,MOVEit Transfer,CVE-2023-34362,A SQL injection vulnerability in MOVEit Transfer allows unauthenticated remote code execution.,Closed,Critical,2026-06-21,2026-07-02,9.8,3.1,CVSS:3.1/AV:N/AC:L/PR:N/UI:N/S:U/C:H/I:H/A:H,https://vendor-advisories.example.com/CVE-2023-34362,https://nvd.nist.gov/vuln/detail/CVE-2023-34362,Apply vendor patch immediately; isolate host from network if patch unavailable within 24h.,Update MOVEit Transfer to a version above 2023.0.,https://downloads.example.com/moveit-transfer,Payments-Prod,MOVEit Transfer <= 2023.0,Critical,VULN-3684052,Software Vulnerability
PAYMENTSPROD-0002,10.1.161.104,Workstation,Windows 10,Microsoft SharePoint Server,CVE-2023-29357,A privilege escalation vulnerability in SharePoint Server allows an attacker to gain administrator privileges.,Open,Critical,2026-05-08,,9.8,3.1,CVSS:3.1/AV:N/AC:L/PR:N/UI:N/S:U/C:H/I:H/A:H,https://vendor-advisories.example.com/CVE-2023-29357,https://nvd.nist.gov/vuln/detail/CVE-2023-29357,Apply vendor patch immediately; isolate host from network if patch unavailable within 24h.,Update Microsoft SharePoint Server to a version above Subscription Edition.,https://downloads.example.com/microsoft-sharepoint-server,Payments-Prod,Microsoft SharePoint Server <= Subscription Edition,Critical,VULN-7455324,Software Vulnerability
PAYMENTSPROD-0003,10.17.5.176,Server,Windows Server 2019,Microsoft Outlook,CVE-2024-21413,A vulnerability in Microsoft Outlook allows remote code execution via a crafted email.,Closed,Critical,2026-05-24,2026-05-25,9.8,3.1,CVSS:3.1/AV:N/AC:L/PR:N/UI:R/S:C/C:H/I:H/A:H,https://vendor-advisories.example.com/CVE-2024-21413,https://nvd.nist.gov/vuln/detail/CVE-2024-21413,Apply vendor patch immediately; isolate host from network if patch unavailable within 24h.,Update Microsoft Outlook to a version above 2021.,https://downloads.example.com/microsoft-outlook,Payments-Prod,Microsoft Outlook <= 2021,Critical,VULN-5418934,Software Vulnerability
PAYMENTSPROD-0003,10.17.5.176,Server,Windows Server 2019,Apache Log4j,CVE-2021-44228,Log4Shell — a JNDI injection vulnerability allows unauthenticated remote code execution.,Open,Critical,2026-06-17,,10.0,3.1,CVSS:3.1/AV:N/AC:L/PR:N/UI:N/S:C/C:H/I:H/A:H,https://vendor-advisories.example.com/CVE-2021-44228,https://nvd.nist.gov/vuln/detail/CVE-2021-44228,Apply vendor patch immediately; isolate host from network if patch unavailable within 24h.,Update Apache Log4j to a version above 2.14.1.,https://downloads.example.com/apache-log4j,Payments-Prod,Apache Log4j <= 2.14.1,Critical,VULN-9517485,Software Vulnerability
PAYMENTSPROD-0003,10.17.5.176,Server,Windows Server 2019,MySQL,CVE-2024-6670,An authentication vulnerability in MySQL allows unauthorized password reset.,Open,High,2025-11-27,,8.1,3.1,CVSS:3.1/AV:N/AC:L/PR:N/UI:N/S:U/C:H/I:N/A:N,https://vendor-advisories.example.com/CVE-2024-6670,https://nvd.nist.gov/vuln/detail/CVE-2024-6670,Schedule patch within next maintenance window; apply compensating WAF/firewall rule if delayed.,Update MySQL to a version above 8.0.35.,https://downloads.example.com/mysql,Payments-Prod,MySQL <= 8.0.35,Critical,VULN-6007072,Software Vulnerability
PAYMENTSPROD-0003,10.17.5.176,Server,Windows Server 2019,Microsoft Edge,CVE-2024-38178,A memory corruption vulnerability in the Scripting Engine allows remote code execution.,Open,High,2026-06-20,,7.5,3.1,CVSS:3.1/AV:N/AC:H/PR:N/UI:R/S:U/C:H/I:H/A:H,https://vendor-advisories.example.com/CVE-2024-38178,https://nvd.nist.gov/vuln/detail/CVE-2024-38178,Schedule patch within next maintenance window; apply compensating WAF/firewall rule if delayed.,Update Microsoft Edge to a version above Chromium-based.,https://downloads.example.com/microsoft-edge,Payments-Prod,Microsoft Edge <= Chromium-based,Critical,VULN-3564217,Software Vulnerability
PAYMENTSPROD-0003,10.17.5.176,Server,Windows Server 2019,libwebp,CVE-2023-4863,A heap buffer overflow in libwebp's image decoding can lead to remote code execution.,Open,High,2026-04-13,,8.8,3.1,CVSS:3.1/AV:N/AC:L/PR:N/UI:R/S:U/C:H/I:H/A:H,https://vendor-advisories.example.com/CVE-2023-4863,https://nvd.nist.gov/vuln/detail/CVE-2023-4863,Schedule patch within next maintenance window; apply compensating WAF/firewall rule if delayed.,Update libwebp to a version above 1.3.1.,https://downloads.example.com/libwebp,Payments-Prod,libwebp <= 1.3.1,Critical,VULN-9897858,Software Vulnerability
PAYMENTSPROD-0003,10.17.5.176,Server,Windows Server 2019,Windows Hyper-V,CVE-2024-38080,A privilege escalation vulnerability in Windows Hyper-V allows an attacker to gain SYSTEM privileges.,Open,Critical,2025-10-04,,7.8,3.1,CVSS:3.1/AV:L/AC:L/PR:L/UI:N/S:U/C:H/I:H/A:H,https://vendor-advisories.example.com/CVE-2024-38080,https://nvd.nist.gov/vuln/detail/CVE-2024-38080,Apply vendor patch immediately; isolate host from network if patch unavailable within 24h.,Update Windows Hyper-V to a version above Windows Server 2022.,https://downloads.example.com/windows-hyper-v,Payments-Prod,Windows Hyper-V <= Windows Server 2022,Critical,VULN-9197443,Software Vulnerability
PAYMENTSPROD-0003,10.17.5.176,Server,Windows Server 2019,Spring Framework,CVE-2022-22965,Spring4Shell — a remote code execution vulnerability in Spring MVC/WebFlux applications.,Closed,Critical,2025-10-13,2025-10-14,9.8,3.1,CVSS:3.1/AV:N/AC:L/PR:N/UI:N/S:U/C:H/I:H/A:H,https://vendor-advisories.example.com/CVE-2022-22965,https://nvd.nist.gov/vuln/detail/CVE-2022-22965,Apply vendor patch immediately; isolate host from network if patch unavailable within 24h.,Update Spring Framework to a version above 5.3.17.,https://downloads.example.com/spring-framework,Payments-Prod,Spring Framework <= 5.3.17,Critical,VULN-5017343,Software Vulnerability
PAYMENTSPROD-0003,10.17.5.176,Server,Windows Server 2019,Atlassian Confluence,CVE-2023-22515,A broken access control vulnerability allows creation of unauthorized administrator accounts.,Closed,Critical,2025-11-02,2025-11-28,9.1,3.1,CVSS:3.1/AV:N/AC:L/PR:N/UI:N/S:U/C:N/I:H/A:N,https://vendor-advisories.example.com/CVE-2023-22515,https://nvd.nist.gov/vuln/detail/CVE-2023-22515,Apply vendor patch immediately; isolate host from network if patch unavailable within 24h.,Update Atlassian Confluence to a version above 8.5.,https://downloads.example.com/atlassian-confluence,Payments-Prod,Atlassian Confluence <= 8.5,Critical,VULN-2321324,Software Vulnerability
PAYMENTSPROD-0003,10.17.5.176,Server,Windows Server 2019,Microsoft Exchange Server,CVE-2024-49040,A spoofing vulnerability in Microsoft Exchange Server allows message header manipulation.,Open,Medium,2025-11-16,,6.5,3.1,CVSS:3.1/AV:N/AC:L/PR:N/UI:N/S:U/C:N/I:L/A:N,https://vendor-advisories.example.com/CVE-2024-49040,https://nvd.nist.gov/vuln/detail/CVE-2024-49040,Include in next scheduled patch cycle.,Update Microsoft Exchange Server to a version above 2019.,https://downloads.example.com/microsoft-exchange-server,Payments-Prod,Microsoft Exchange Server <= 2019,Critical,VULN-2161193,Software Vulnerability
PAYMENTSPROD-0003,10.17.5.176,Server,Windows Server 2019,PAN-OS,CVE-2024-3400,A command injection vulnerability in PAN-OS GlobalProtect allows unauthenticated RCE.,Open,Critical,2026-07-03,,10.0,3.1,CVSS:3.1/AV:N/AC:L/PR:N/UI:N/S:C/C:H/I:H/A:H,https://vendor-advisories.example.com/CVE-2024-3400,https://nvd.nist.gov/vuln/detail/CVE-2024-3400,Apply vendor patch immediately; isolate host from network if patch unavailable within 24h.,Update PAN-OS to a version above 11.1.,https://downloads.example.com/pan-os,Payments-Prod,PAN-OS <= 11.1,Critical,VULN-3154051,Software Vulnerability
PAYMENTSPROD-0003,10.17.5.176,Server,Windows Server 2019,Veeam Backup,CVE-2024-29849,An authentication bypass vulnerability allows unauthorized access to Veeam Backup Enterprise Manager.,Open,High,2026-06-04,,8.1,3.1,CVSS:3.1/AV:N/AC:L/PR:N/UI:N/S:U/C:H/I:N/A:N,https://vendor-advisories.example.com/CVE-2024-29849,https://nvd.nist.gov/vuln/detail/CVE-2024-29849,Schedule patch within next maintenance window; apply compensating WAF/firewall rule if delayed.,Update Veeam Backup to a version above 12.1.,https://downloads.example.com/veeam-backup,Payments-Prod,Veeam Backup <= 12.1,Critical,VULN-3770370,Software Vulnerability
PAYMENTSPROD-0003,10.17.5.176,Server,Windows Server 2019,curl,CVE-2023-38545,A heap buffer overflow in curl's SOCKS5 proxy handling can lead to a crash or code execution.,Closed,High,2026-02-16,2026-02-17,7.5,3.1,CVSS:3.1/AV:N/AC:H/PR:N/UI:N/S:U/C:H/I:H/A:H,https://vendor-advisories.example.com/CVE-2023-38545,https://nvd.nist.gov/vuln/detail/CVE-2023-38545,Schedule patch within next maintenance window; apply compensating WAF/firewall rule if delayed.,Update curl to a version above 8.3.0.,https://downloads.example.com/curl,Payments-Prod,curl <= 8.3.0,Critical,VULN-4374754,Software Vulnerability
PAYMENTSPROD-0004,10.14.231.32,Server,Windows Server 2019,Jenkins,CVE-2024-23897,An arbitrary file read vulnerability in Jenkins' CLI command parser can lead to RCE.,Closed,Critical,2026-07-14,2026-07-15,9.8,3.1,CVSS:3.1/AV:N/AC:L/PR:N/UI:N/S:U/C:H/I:H/A:H,https://vendor-advisories.example.com/CVE-2024-23897,https://nvd.nist.gov/vuln/detail/CVE-2024-23897,Apply vendor patch immediately; isolate host from network if patch unavailable within 24h.,Update Jenkins to a version above 2.441.,https://downloads.example.com/jenkins,Payments-Prod,Jenkins <= 2.441,Medium,VULN-2191066,Software Vulnerability
PAYMENTSPROD-0004,10.14.231.32,Server,Windows Server 2019,nginx,CVE-2023-44487,HTTP/2 Rapid Reset allows a denial-of-service attack against affected servers.,Reopened,High,2025-11-03,2025-12-17,7.5,3.1,CVSS:3.1/AV:N/AC:L/PR:N/UI:N/S:U/C:N/I:N/A:H,https://vendor-advisories.example.com/CVE-2023-44487,https://nvd.nist.gov/vuln/detail/CVE-2023-44487,Schedule patch within next maintenance window; apply compensating WAF/firewall rule if delayed.,Update nginx to a version above 1.24.,https://downloads.example.com/nginx,Payments-Prod,nginx <= 1.24,Medium,VULN-4993055,Software Vulnerability
PAYMENTSPROD-0004,10.14.231.32,Server,Windows Server 2019,Atlassian Confluence,CVE-2023-22515,A broken access control vulnerability allows creation of unauthorized administrator accounts.,Open,Critical,2026-02-23,,9.1,3.1,CVSS:3.1/AV:N/AC:L/PR:N/UI:N/S:U/C:N/I:H/A:N,https://vendor-advisories.example.com/CVE-2023-22515,https://nvd.nist.gov/vuln/detail/CVE-2023-22515,Apply vendor patch immediately; isolate host from network if patch unavailable within 24h.,Update Atlassian Confluence to a version above 8.5.,https://downloads.example.com/atlassian-confluence,Payments-Prod,Atlassian Confluence <= 8.5,Medium,VULN-4594297,Software Vulnerability
PAYMENTSPROD-0004,10.14.231.32,Server,Windows Server 2019,xz-utils,CVE-2024-3094,A backdoor was discovered in xz-utils that allows remote code execution via SSH.,Closed,Critical,2026-07-07,2026-07-10,10.0,3.1,CVSS:3.1/AV:N/AC:L/PR:N/UI:N/S:C/C:H/I:H/A:H,https://vendor-advisories.example.com/CVE-2024-3094,https://nvd.nist.gov/vuln/detail/CVE-2024-3094,Apply vendor patch immediately; isolate host from network if patch unavailable within 24h.,Update xz-utils to a version above 5.6.0.,https://downloads.example.com/xz-utils,Payments-Prod,xz-utils <= 5.6.0,Medium,VULN-8930103,Software Vulnerability
PAYMENTSPROD-0005,10.3.49.170,Server,Windows Server 2019,FortiOS,CVE-2024-21762,An out-of-bounds write vulnerability in FortiOS SSL-VPN allows unauthenticated RCE.,Closed,Critical,2025-11-23,2025-12-02,9.8,3.1,CVSS:3.1/AV:N/AC:L/PR:N/UI:N/S:U/C:H/I:H/A:H,https://vendor-advisories.example.com/CVE-2024-21762,https://nvd.nist.gov/vuln/detail/CVE-2024-21762,Apply vendor patch immediately; isolate host from network if patch unavailable within 24h.,Update FortiOS to a version above 7.4.,https://downloads.example.com/fortios,Payments-Prod,FortiOS <= 7.4,High,VULN-4214348,Software Vulnerability
PAYMENTSPROD-0005,10.3.49.170,Server,Windows Server 2019,Veeam Backup,CVE-2024-29849,An authentication bypass vulnerability allows unauthorized access to Veeam Backup Enterprise Manager.,Closed,High,2026-01-09,2026-01-10,8.1,3.1,CVSS:3.1/AV:N/AC:L/PR:N/UI:N/S:U/C:H/I:N/A:N,https://vendor-advisories.example.com/CVE-2024-29849,https://nvd.nist.gov/vuln/detail/CVE-2024-29849,Schedule patch within next maintenance window; apply compensating WAF/firewall rule if delayed.,Update Veeam Backup to a version above 12.1.,https://downloads.example.com/veeam-backup,Payments-Prod,Veeam Backup <= 12.1,High,VULN-4078418,Software Vulnerability
PAYMENTSPROD-0005,10.3.49.170,Server,Windows Server 2019,Microsoft SharePoint Server,CVE-2023-29357,A privilege escalation vulnerability in SharePoint Server allows an attacker to gain administrator privileges.,Closed,Critical,2026-02-23,2026-03-08,9.8,3.1,CVSS:3.1/AV:N/AC:L/PR:N/UI:N/S:U/C:H/I:H/A:H,https://vendor-advisories.example.com/CVE-2023-29357,https://nvd.nist.gov/vuln/detail/CVE-2023-29357,Apply vendor patch immediately; isolate host from network if patch unavailable within 24h.,Update Microsoft SharePoint Server to a version above Subscription Edition.,https://downloads.example.com/microsoft-sharepoint-server,Payments-Prod,Microsoft SharePoint Server <= Subscription Edition,High,VULN-2642635,Software Vulnerability
PAYMENTSPROD-0005,10.3.49.170,Server,Windows Server 2019,Microsoft Office,CVE-2023-36884,A vulnerability in Microsoft Office allows remote code execution via a crafted document.,Open,High,2025-10-29,,7.8,3.1,CVSS:3.1/AV:N/AC:H/PR:N/UI:R/S:U/C:H/I:H/A:H,https://vendor-advisories.example.com/CVE-2023-36884,https://nvd.nist.gov/vuln/detail/CVE-2023-36884,Schedule patch within next maintenance window; apply compensating WAF/firewall rule if delayed.,Update Microsoft Office to a version above 2021.,https://downloads.example.com/microsoft-office,Payments-Prod,Microsoft Office <= 2021,High,VULN-1247595,Software Vulnerability
PAYMENTSPROD-0005,10.3.49.170,Server,Windows Server 2019,WordPress Backup Migration Plugin,CVE-2023-6553,A remote code execution vulnerability in the Backup Migration WordPress plugin.,Open,High,2025-11-20,,8.8,3.1,CVSS:3.1/AV:N/AC:L/PR:N/UI:N/S:U/C:H/I:H/A:H,https://vendor-advisories.example.com/CVE-2023-6553,https://nvd.nist.gov/vuln/detail/CVE-2023-6553,Schedule patch within next maintenance window; apply compensating WAF/firewall rule if delayed.,Update WordPress Backup Migration Plugin to a version above 1.3.7.,https://downloads.example.com/wordpress-backup-migration-plugin,Payments-Prod,WordPress Backup Migration Plugin <= 1.3.7,High,VULN-4965789,Software Vulnerability
PAYMENTSPROD-0005,10.3.49.170,Server,Windows Server 2019,OpenSSH,CVE-2024-6387,A signal handler race condition in OpenSSH server allows unauthenticated remote code execution.,Closed,Critical,2025-12-28,2026-01-06,9.8,3.1,CVSS:3.1/AV:N/AC:H/PR:N/UI:N/S:U/C:H/I:H/A:H,https://vendor-advisories.example.com/CVE-2024-6387,https://nvd.nist.gov/vuln/detail/CVE-2024-6387,Apply vendor patch immediately; isolate host from network if patch unavailable within 24h.,Update OpenSSH to a version above 8.9p1.,https://downloads.example.com/openssh,Payments-Prod,OpenSSH <= 8.9p1,High,VULN-7728339,Software Vulnerability
PAYMENTSPROD-0005,10.3.49.170,Server,Windows Server 2019,Apache Log4j,CVE-2021-44228,Log4Shell — a JNDI injection vulnerability allows unauthenticated remote code execution.,Closed,Critical,2025-11-03,2025-11-20,10.0,3.1,CVSS:3.1/AV:N/AC:L/PR:N/UI:N/S:C/C:H/I:H/A:H,https://vendor-advisories.example.com/CVE-2021-44228,https://nvd.nist.gov/vuln/detail/CVE-2021-44228,Apply vendor patch immediately; isolate host from network if patch unavailable within 24h.,Update Apache Log4j to a version above 2.14.1.,https://downloads.example.com/apache-log4j,Payments-Prod,Apache Log4j <= 2.14.1,High,VULN-8633773,Software Vulnerability
PAYMENTSPROD-0006,10.4.97.77,Server,Windows Server 2022,OpenSSH,CVE-2024-6387,A signal handler race condition in OpenSSH server allows unauthenticated remote code execution.,Open,Critical,2025-11-04,,9.8,3.1,CVSS:3.1/AV:N/AC:H/PR:N/UI:N/S:U/C:H/I:H/A:H,https://vendor-advisories.example.com/CVE-2024-6387,https://nvd.nist.gov/vuln/detail/CVE-2024-6387,Apply vendor patch immediately; isolate host from network if patch unavailable within 24h.,Update OpenSSH to a version above 8.9p1.,https://downloads.example.com/openssh,Payments-Prod,OpenSSH <= 8.9p1,Low,VULN-1959074,Software Vulnerability
PAYMENTSPROD-0006,10.4.97.77,Server,Windows Server 2022,MOVEit Transfer,CVE-2023-34362,A SQL injection vulnerability in MOVEit Transfer allows unauthenticated remote code execution.,Open,Critical,2025-10-29,,9.8,3.1,CVSS:3.1/AV:N/AC:L/PR:N/UI:N/S:U/C:H/I:H/A:H,https://vendor-advisories.example.com/CVE-2023-34362,https://nvd.nist.gov/vuln/detail/CVE-2023-34362,Apply vendor patch immediately; isolate host from network if patch unavailable within 24h.,Update MOVEit Transfer to a version above 2023.0.,https://downloads.example.com/moveit-transfer,Payments-Prod,MOVEit Transfer <= 2023.0,Low,VULN-9436429,Software Vulnerability
PAYMENTSPROD-0006,10.4.97.77,Server,Windows Server 2022,WordPress Backup Migration Plugin,CVE-2023-6553,A remote code execution vulnerability in the Backup Migration WordPress plugin.,Closed,High,2026-07-02,2026-07-24,8.8,3.1,CVSS:3.1/AV:N/AC:L/PR:N/UI:N/S:U/C:H/I:H/A:H,https://vendor-advisories.example.com/CVE-2023-6553,https://nvd.nist.gov/vuln/detail/CVE-2023-6553,Schedule patch within next maintenance window; apply compensating WAF/firewall rule if delayed.,Update WordPress Backup Migration Plugin to a version above 1.3.7.,https://downloads.example.com/wordpress-backup-migration-plugin,Payments-Prod,WordPress Backup Migration Plugin <= 1.3.7,Low,VULN-2344047,Software Vulnerability
PAYMENTSPROD-0006,10.4.97.77,Server,Windows Server 2022,MySQL,CVE-2024-6670,An authentication vulnerability in MySQL allows unauthorized password reset.,Closed,High,2026-01-07,2026-02-22,8.1,3.1,CVSS:3.1/AV:N/AC:L/PR:N/UI:N/S:U/C:H/I:N/A:N,https://vendor-advisories.example.com/CVE-2024-6670,https://nvd.nist.gov/vuln/detail/CVE-2024-6670,Schedule patch within next maintenance window; apply compensating WAF/firewall rule if delayed.,Update MySQL to a version above 8.0.35.,https://downloads.example.com/mysql,Payments-Prod,MySQL <= 8.0.35,Low,VULN-5130808,Software Vulnerability
PAYMENTSPROD-0007,10.13.161.241,Server,Ubuntu 22.04,ConnectWise ScreenConnect,CVE-2024-1709,An authentication bypass in ScreenConnect allows an attacker to create an administrative account.,Closed,Critical,2026-02-16,2026-03-04,10.0,3.1,CVSS:3.1/AV:N/AC:L/PR:N/UI:N/S:U/C:H/I:H/A:H,https://vendor-advisories.example.com/CVE-2024-1709,https://nvd.nist.gov/vuln/detail/CVE-2024-1709,Apply vendor patch immediately; isolate host from network if patch unavailable within 24h.,Update ConnectWise ScreenConnect to a version above 23.9.,https://downloads.example.com/connectwise-screenconnect,Payments-Prod,ConnectWise ScreenConnect <= 23.9,Critical,VULN-6033115,Software Vulnerability
PAYMENTSPROD-0007,10.13.161.241,Server,Ubuntu 22.04,Apache Log4j,CVE-2021-44228,Log4Shell — a JNDI injection vulnerability allows unauthenticated remote code execution.,Closed,Critical,2026-05-26,2026-06-06,10.0,3.1,CVSS:3.1/AV:N/AC:L/PR:N/UI:N/S:C/C:H/I:H/A:H,https://vendor-advisories.example.com/CVE-2021-44228,https://nvd.nist.gov/vuln/detail/CVE-2021-44228,Apply vendor patch immediately; isolate host from network if patch unavailable within 24h.,Update Apache Log4j to a version above 2.14.1.,https://downloads.example.com/apache-log4j,Payments-Prod,Apache Log4j <= 2.14.1,Critical,VULN-2677407,Software Vulnerability
PAYMENTSPROD-0007,10.13.161.241,Server,Ubuntu 22.04,Windows TCP/IP Stack,CVE-2024-38063,An integer underflow in the Windows TCP/IP stack allows unauthenticated remote code execution.,Closed,Critical,2025-11-10,2025-11-18,9.8,3.1,CVSS:3.1/AV:N/AC:H/PR:N/UI:N/S:U/C:H/I:H/A:H,https://vendor-advisories.example.com/CVE-2024-38063,https://nvd.nist.gov/vuln/detail/CVE-2024-38063,Apply vendor patch immediately; isolate host from network if patch unavailable within 24h.,Update Windows TCP/IP Stack to a version above Windows Server 2022.,https://downloads.example.com/windows-tcp/ip-stack,Payments-Prod,Windows TCP/IP Stack <= Windows Server 2022,Critical,VULN-3222252,Software Vulnerability
PAYMENTSPROD-0007,10.13.161.241,Server,Ubuntu 22.04,Atlassian Confluence,CVE-2023-22515,A broken access control vulnerability allows creation of unauthorized administrator accounts.,Open,Critical,2026-03-31,,9.1,3.1,CVSS:3.1/AV:N/AC:L/PR:N/UI:N/S:U/C:N/I:H/A:N,https://vendor-advisories.example.com/CVE-2023-22515,https://nvd.nist.gov/vuln/detail/CVE-2023-22515,Apply vendor patch immediately; isolate host from network if patch unavailable within 24h.,Update Atlassian Confluence to a version above 8.5.,https://downloads.example.com/atlassian-confluence,Payments-Prod,Atlassian Confluence <= 8.5,Critical,VULN-5098412,Software Vulnerability
PAYMENTSPROD-0007,10.13.161.241,Server,Ubuntu 22.04,Jenkins,CVE-2024-23897,An arbitrary file read vulnerability in Jenkins' CLI command parser can lead to RCE.,Closed,Critical,2026-04-11,2026-04-14,9.8,3.1,CVSS:3.1/AV:N/AC:L/PR:N/UI:N/S:U/C:H/I:H/A:H,https://vendor-advisories.example.com/CVE-2024-23897,https://nvd.nist.gov/vuln/detail/CVE-2024-23897,Apply vendor patch immediately; isolate host from network if patch unavailable within 24h.,Update Jenkins to a version above 2.441.,https://downloads.example.com/jenkins,Payments-Prod,Jenkins <= 2.441,Critical,VULN-9874152,Software Vulnerability
PAYMENTSPROD-0008,10.21.53.242,Server,Windows Server 2022,libwebp,CVE-2023-4863,A heap buffer overflow in libwebp's image decoding can lead to remote code execution.,Open,High,2025-11-27,,8.8,3.1,CVSS:3.1/AV:N/AC:L/PR:N/UI:R/S:U/C:H/I:H/A:H,https://vendor-advisories.example.com/CVE-2023-4863,https://nvd.nist.gov/vuln/detail/CVE-2023-4863,Schedule patch within next maintenance window; apply compensating WAF/firewall rule if delayed.,Update libwebp to a version above 1.3.1.,https://downloads.example.com/libwebp,Payments-Prod,libwebp <= 1.3.1,Critical,VULN-3607983,Software Vulnerability
PAYMENTSPROD-0008,10.21.53.242,Server,Windows Server 2022,Microsoft Outlook,CVE-2024-21413,A vulnerability in Microsoft Outlook allows remote code execution via a crafted email.,Closed,Critical,2026-02-20,2026-03-06,9.8,3.1,CVSS:3.1/AV:N/AC:L/PR:N/UI:R/S:C/C:H/I:H/A:H,https://vendor-advisories.example.com/CVE-2024-21413,https://nvd.nist.gov/vuln/detail/CVE-2024-21413,Apply vendor patch immediately; isolate host from network if patch unavailable within 24h.,Update Microsoft Outlook to a version above 2021.,https://downloads.example.com/microsoft-outlook,Payments-Prod,Microsoft Outlook <= 2021,Critical,VULN-6752576,Software Vulnerability
PAYMENTSPROD-0008,10.21.53.242,Server,Windows Server 2022,Microsoft SharePoint Server,CVE-2023-29357,A privilege escalation vulnerability in SharePoint Server allows an attacker to gain administrator privileges.,Open,Critical,2026-01-16,,9.8,3.1,CVSS:3.1/AV:N/AC:L/PR:N/UI:N/S:U/C:H/I:H/A:H,https://vendor-advisories.example.com/CVE-2023-29357,https://nvd.nist.gov/vuln/detail/CVE-2023-29357,Apply vendor patch immediately; isolate host from network if patch unavailable within 24h.,Update Microsoft SharePoint Server to a version above Subscription Edition.,https://downloads.example.com/microsoft-sharepoint-server,Payments-Prod,Microsoft SharePoint Server <= Subscription Edition,Critical,VULN-5428914,Software Vulnerability
PAYMENTSPROD-0009,10.2.216.214,Server,RHEL 9,OpenSSH,CVE-2024-6387,A signal handler race condition in OpenSSH server allows unauthenticated remote code execution.,Closed,Critical,2026-02-15,2026-02-16,9.8,3.1,CVSS:3.1/AV:N/AC:H/PR:N/UI:N/S:U/C:H/I:H/A:H,https://vendor-advisories.example.com/CVE-2024-6387,https://nvd.nist.gov/vuln/detail/CVE-2024-6387,Apply vendor patch immediately; isolate host from network if patch unavailable within 24h.,Update OpenSSH to a version above 8.9p1.,https://downloads.example.com/openssh,Payments-Prod,OpenSSH <= 8.9p1,Critical,VULN-2876932,Software Vulnerability
PAYMENTSPROD-0009,10.2.216.214,Server,RHEL 9,xz-utils,CVE-2024-3094,A backdoor was discovered in xz-utils that allows remote code execution via SSH.,Open,Critical,2025-11-11,,10.0,3.1,CVSS:3.1/AV:N/AC:L/PR:N/UI:N/S:C/C:H/I:H/A:H,https://vendor-advisories.example.com/CVE-2024-3094,https://nvd.nist.gov/vuln/detail/CVE-2024-3094,Apply vendor patch immediately; isolate host from network if patch unavailable within 24h.,Update xz-utils to a version above 5.6.0.,https://downloads.example.com/xz-utils,Payments-Prod,xz-utils <= 5.6.0,Critical,VULN-3500715,Software Vulnerability
PAYMENTSPROD-0009,10.2.216.214,Server,RHEL 9,Atlassian Confluence,CVE-2023-22515,A broken access control vulnerability allows creation of unauthorized administrator accounts.,Closed,Critical,2026-07-10,2026-07-25,9.1,3.1,CVSS:3.1/AV:N/AC:L/PR:N/UI:N/S:U/C:N/I:H/A:N,https://vendor-advisories.example.com/CVE-2023-22515,https://nvd.nist.gov/vuln/detail/CVE-2023-22515,Apply vendor patch immediately; isolate host from network if patch unavailable within 24h.,Update Atlassian Confluence to a version above 8.5.,https://downloads.example.com/atlassian-confluence,Payments-Prod,Atlassian Confluence <= 8.5,Critical,VULN-3484601,Software Vulnerability
PAYMENTSPROD-0009,10.2.216.214,Server,RHEL 9,Microsoft Edge,CVE-2024-38178,A memory corruption vulnerability in the Scripting Engine allows remote code execution.,Closed,High,2026-05-12,2026-05-24,7.5,3.1,CVSS:3.1/AV:N/AC:H/PR:N/UI:R/S:U/C:H/I:H/A:H,https://vendor-advisories.example.com/CVE-2024-38178,https://nvd.nist.gov/vuln/detail/CVE-2024-38178,Schedule patch within next maintenance window; apply compensating WAF/firewall rule if delayed.,Update Microsoft Edge to a version above Chromium-based.,https://downloads.example.com/microsoft-edge,Payments-Prod,Microsoft Edge <= Chromium-based,Critical,VULN-1669324,Software Vulnerability
PAYMENTSPROD-0009,10.2.216.214,Server,RHEL 9,JetBrains TeamCity,CVE-2024-27198,An authentication bypass vulnerability in TeamCity allows unauthorized administrative access.,Closed,Critical,2026-04-05,2026-04-29,9.8,3.1,CVSS:3.1/AV:N/AC:L/PR:N/UI:N/S:U/C:H/I:H/A:H,https://vendor-advisories.example.com/CVE-2024-27198,https://nvd.nist.gov/vuln/detail/CVE-2024-27198,Apply vendor patch immediately; isolate host from network if patch unavailable within 24h.,Update JetBrains TeamCity to a version above 2023.11.,https://downloads.example.com/jetbrains-teamcity,Payments-Prod,JetBrains TeamCity <= 2023.11,Critical,VULN-2724590,Software Vulnerability
PAYMENTSPROD-0010,10.19.79.238,Server,Windows Server 2022,Windows Common Log File System Driver,CVE-2024-49138,A privilege escalation vulnerability allows an attacker to gain SYSTEM privileges.,Closed,High,2026-05-03,2026-05-24,7.8,3.1,CVSS:3.1/AV:L/AC:L/PR:L/UI:N/S:U/C:H/I:H/A:H,https://vendor-advisories.example.com/CVE-2024-49138,https://nvd.nist.gov/vuln/detail/CVE-2024-49138,Schedule patch within next maintenance window; apply compensating WAF/firewall rule if delayed.,Update Windows Common Log File System Driver to a version above Windows Server 2019.,https://downloads.example.com/windows-common-log-file-system-driver,Payments-Prod,Windows Common Log File System Driver <= Windows Server 2019,Low,VULN-5163555,Software Vulnerability
PAYMENTSPROD-0010,10.19.79.238,Server,Windows Server 2022,curl,CVE-2023-38545,A heap buffer overflow in curl's SOCKS5 proxy handling can lead to a crash or code execution.,Closed,High,2026-02-17,2026-02-27,7.5,3.1,CVSS:3.1/AV:N/AC:H/PR:N/UI:N/S:U/C:H/I:H/A:H,https://vendor-advisories.example.com/CVE-2023-38545,https://nvd.nist.gov/vuln/detail/CVE-2023-38545,Schedule patch within next maintenance window; apply compensating WAF/firewall rule if delayed.,Update curl to a version above 8.3.0.,https://downloads.example.com/curl,Payments-Prod,curl <= 8.3.0,Low,VULN-7417985,Software Vulnerability
PAYMENTSPROD-0010,10.19.79.238,Server,Windows Server 2022,Windows Wi-Fi Driver,CVE-2024-30078,A remote code execution vulnerability exists in the Windows Wi-Fi driver.,Open,Critical,2025-10-23,,8.8,3.1,CVSS:3.1/AV:A/AC:L/PR:N/UI:N/S:U/C:H/I:H/A:H,https://vendor-advisories.example.com/CVE-2024-30078,https://nvd.nist.gov/vuln/detail/CVE-2024-30078,Apply vendor patch immediately; isolate host from network if patch unavailable within 24h.,Update Windows Wi-Fi Driver to a version above Windows 11.,https://downloads.example.com/windows-wi-fi-driver,Payments-Prod,Windows Wi-Fi Driver <= Windows 11,Low,VULN-4731818,Software Vulnerability
PAYMENTSPROD-0010,10.19.79.238,Server,Windows Server 2022,Microsoft SharePoint Server,CVE-2023-29357,A privilege escalation vulnerability in SharePoint Server allows an attacker to gain administrator privileges.,Open,Critical,2026-01-14,,9.8,3.1,CVSS:3.1/AV:N/AC:L/PR:N/UI:N/S:U/C:H/I:H/A:H,https://vendor-advisories.example.com/CVE-2023-29357,https://nvd.nist.gov/vuln/detail/CVE-2023-29357,Apply vendor patch immediately; isolate host from network if patch unavailable within 24h.,Update Microsoft SharePoint Server to a version above Subscription Edition.,https://downloads.example.com/microsoft-sharepoint-server,Payments-Prod,Microsoft SharePoint Server <= Subscription Edition,Low,VULN-8722606,Software Vulnerability
PAYMENTSPROD-0011,10.21.98.104,Server,RHEL 8,libwebp,CVE-2023-4863,A heap buffer overflow in libwebp's image decoding can lead to remote code execution.,Closed,High,2026-06-21,2026-07-30,8.8,3.1,CVSS:3.1/AV:N/AC:L/PR:N/UI:R/S:U/C:H/I:H/A:H,https://vendor-advisories.example.com/CVE-2023-4863,https://nvd.nist.gov/vuln/detail/CVE-2023-4863,Schedule patch within next maintenance window; apply compensating WAF/firewall rule if delayed.,Update libwebp to a version above 1.3.1.,https://downloads.example.com/libwebp,Payments-Prod,libwebp <= 1.3.1,Critical,VULN-2935113,Software Vulnerability
PAYMENTSPROD-0011,10.21.98.104,Server,RHEL 8,Windows Common Log File System Driver,CVE-2024-49138,A privilege escalation vulnerability allows an attacker to gain SYSTEM privileges.,Closed,High,2026-02-14,2026-03-06,7.8,3.1,CVSS:3.1/AV:L/AC:L/PR:L/UI:N/S:U/C:H/I:H/A:H,https://vendor-advisories.example.com/CVE-2024-49138,https://nvd.nist.gov/vuln/detail/CVE-2024-49138,Schedule patch within next maintenance window; apply compensating WAF/firewall rule if delayed.,Update Windows Common Log File System Driver to a version above Windows Server 2019.,https://downloads.example.com/windows-common-log-file-system-driver,Payments-Prod,Windows Common Log File System Driver <= Windows Server 2019,Critical,VULN-5453786,Software Vulnerability
PAYMENTSPROD-0011,10.21.98.104,Server,RHEL 8,nginx,CVE-2023-44487,HTTP/2 Rapid Reset allows a denial-of-service attack against affected servers.,Closed,High,2025-10-23,2025-10-25,7.5,3.1,CVSS:3.1/AV:N/AC:L/PR:N/UI:N/S:U/C:N/I:N/A:H,https://vendor-advisories.example.com/CVE-2023-44487,https://nvd.nist.gov/vuln/detail/CVE-2023-44487,Schedule patch within next maintenance window; apply compensating WAF/firewall rule if delayed.,Update nginx to a version above 1.24.,https://downloads.example.com/nginx,Payments-Prod,nginx <= 1.24,Critical,VULN-9580255,Software Vulnerability
PAYMENTSPROD-0011,10.21.98.104,Server,RHEL 8,Microsoft Edge,CVE-2024-38178,A memory corruption vulnerability in the Scripting Engine allows remote code execution.,Closed,High,2025-12-02,2026-01-02,7.5,3.1,CVSS:3.1/AV:N/AC:H/PR:N/UI:R/S:U/C:H/I:H/A:H,https://vendor-advisories.example.com/CVE-2024-38178,https://nvd.nist.gov/vuln/detail/CVE-2024-38178,Schedule patch within next maintenance window; apply compensating WAF/firewall rule if delayed.,Update Microsoft Edge to a version above Chromium-based.,https://downloads.example.com/microsoft-edge,Payments-Prod,Microsoft Edge <= Chromium-based,Critical,VULN-5273534,Software Vulnerability
PAYMENTSPROD-0011,10.21.98.104,Server,RHEL 8,Microsoft Exchange Server,CVE-2024-49040,A spoofing vulnerability in Microsoft Exchange Server allows message header manipulation.,Open,Medium,2025-10-26,,6.5,3.1,CVSS:3.1/AV:N/AC:L/PR:N/UI:N/S:U/C:N/I:L/A:N,https://vendor-advisories.example.com/CVE-2024-49040,https://nvd.nist.gov/vuln/detail/CVE-2024-49040,Include in next scheduled patch cycle.,Update Microsoft Exchange Server to a version above 2019.,https://downloads.example.com/microsoft-exchange-server,Payments-Prod,Microsoft Exchange Server <= 2019,Critical,VULN-1028374,Software Vulnerability
PAYMENTSPROD-0011,10.21.98.104,Server,RHEL 8,FortiOS,CVE-2024-21762,An out-of-bounds write vulnerability in FortiOS SSL-VPN allows unauthenticated RCE.,Open,Critical,2026-06-27,,9.8,3.1,CVSS:3.1/AV:N/AC:L/PR:N/UI:N/S:U/C:H/I:H/A:H,https://vendor-advisories.example.com/CVE-2024-21762,https://nvd.nist.gov/vuln/detail/CVE-2024-21762,Apply vendor patch immediately; isolate host from network if patch unavailable within 24h.,Update FortiOS to a version above 7.4.,https://downloads.example.com/fortios,Payments-Prod,FortiOS <= 7.4,Critical,VULN-4305700,Software Vulnerability
PAYMENTSPROD-0012,10.19.160.171,Server,Ubuntu 22.04,Microsoft Outlook,CVE-2024-21413,A vulnerability in Microsoft Outlook allows remote code execution via a crafted email.,Open,Critical,2026-04-16,,9.8,3.1,CVSS:3.1/AV:N/AC:L/PR:N/UI:R/S:C/C:H/I:H/A:H,https://vendor-advisories.example.com/CVE-2024-21413,https://nvd.nist.gov/vuln/detail/CVE-2024-21413,Apply vendor patch immediately; isolate host from network if patch unavailable within 24h.,Update Microsoft Outlook to a version above 2021.,https://downloads.example.com/microsoft-outlook,Payments-Prod,Microsoft Outlook <= 2021,Medium,VULN-3919694,Software Vulnerability
PAYMENTSPROD-0012,10.19.160.171,Server,Ubuntu 22.04,WordPress Backup Migration Plugin,CVE-2023-6553,A remote code execution vulnerability in the Backup Migration WordPress plugin.,Closed,High,2026-03-07,2026-04-04,8.8,3.1,CVSS:3.1/AV:N/AC:L/PR:N/UI:N/S:U/C:H/I:H/A:H,https://vendor-advisories.example.com/CVE-2023-6553,https://nvd.nist.gov/vuln/detail/CVE-2023-6553,Schedule patch within next maintenance window; apply compensating WAF/firewall rule if delayed.,Update WordPress Backup Migration Plugin to a version above 1.3.7.,https://downloads.example.com/wordpress-backup-migration-plugin,Payments-Prod,WordPress Backup Migration Plugin <= 1.3.7,Medium,VULN-6406444,Software Vulnerability
PAYMENTSPROD-0012,10.19.160.171,Server,Ubuntu 22.04,PAN-OS,CVE-2024-3400,A command injection vulnerability in PAN-OS GlobalProtect allows unauthenticated RCE.,Closed,Critical,2026-05-30,2026-06-05,10.0,3.1,CVSS:3.1/AV:N/AC:L/PR:N/UI:N/S:C/C:H/I:H/A:H,https://vendor-advisories.example.com/CVE-2024-3400,https://nvd.nist.gov/vuln/detail/CVE-2024-3400,Apply vendor patch immediately; isolate host from network if patch unavailable within 24h.,Update PAN-OS to a version above 11.1.,https://downloads.example.com/pan-os,Payments-Prod,PAN-OS <= 11.1,Medium,VULN-9576076,Software Vulnerability
PAYMENTSPROD-0012,10.19.160.171,Server,Ubuntu 22.04,VMware Aria Operations,CVE-2023-20887,A command injection vulnerability allows remote code execution on the appliance.,Open,High,2026-06-03,,8.6,3.1,CVSS:3.1/AV:N/AC:L/PR:H/UI:N/S:U/C:H/I:H/A:H,https://vendor-advisories.example.com/CVE-2023-20887,https://nvd.nist.gov/vuln/detail/CVE-2023-20887,Schedule patch within next maintenance window; apply compensating WAF/firewall rule if delayed.,Update VMware Aria Operations to a version above 8.10.,https://downloads.example.com/vmware-aria-operations,Payments-Prod,VMware Aria Operations <= 8.10,Medium,VULN-3846949,Software Vulnerability
PAYMENTSPROD-0012,10.19.160.171,Server,Ubuntu 22.04,Windows Common Log File System Driver,CVE-2024-49138,A privilege escalation vulnerability allows an attacker to gain SYSTEM privileges.,Reopened,High,2025-11-16,2025-11-28,7.8,3.1,CVSS:3.1/AV:L/AC:L/PR:L/UI:N/S:U/C:H/I:H/A:H,https://vendor-advisories.example.com/CVE-2024-49138,https://nvd.nist.gov/vuln/detail/CVE-2024-49138,Schedule patch within next maintenance window; apply compensating WAF/firewall rule if delayed.,Update Windows Common Log File System Driver to a version above Windows Server 2019.,https://downloads.example.com/windows-common-log-file-system-driver,Payments-Prod,Windows Common Log File System Driver <= Windows Server 2019,Medium,VULN-4940441,Software Vulnerability
PAYMENTSPROD-0012,10.19.160.171,Server,Ubuntu 22.04,Apache Log4j,CVE-2021-44228,Log4Shell — a JNDI injection vulnerability allows unauthenticated remote code execution.,Closed,Critical,2026-03-11,2026-03-14,10.0,3.1,CVSS:3.1/AV:N/AC:L/PR:N/UI:N/S:C/C:H/I:H/A:H,https://vendor-advisories.example.com/CVE-2021-44228,https://nvd.nist.gov/vuln/detail/CVE-2021-44228,Apply vendor patch immediately; isolate host from network if patch unavailable within 24h.,Update Apache Log4j to a version above 2.14.1.,https://downloads.example.com/apache-log4j,Payments-Prod,Apache Log4j <= 2.14.1,Medium,VULN-1409790,Software Vulnerability
PAYMENTSPROD-0012,10.19.160.171,Server,Ubuntu 22.04,Veeam Backup,CVE-2024-29849,An authentication bypass vulnerability allows unauthorized access to Veeam Backup Enterprise Manager.,Reopened,High,2025-10-27,2025-10-28,8.1,3.1,CVSS:3.1/AV:N/AC:L/PR:N/UI:N/S:U/C:H/I:N/A:N,https://vendor-advisories.example.com/CVE-2024-29849,https://nvd.nist.gov/vuln/detail/CVE-2024-29849,Schedule patch within next maintenance window; apply compensating WAF/firewall rule if delayed.,Update Veeam Backup to a version above 12.1.,https://downloads.example.com/veeam-backup,Payments-Prod,Veeam Backup <= 12.1,Medium,VULN-7953166,Software Vulnerability
PAYMENTSPROD-0012,10.19.160.171,Server,Ubuntu 22.04,Atlassian Confluence,CVE-2023-22515,A broken access control vulnerability allows creation of unauthorized administrator accounts.,Open,Critical,2026-01-11,,9.1,3.1,CVSS:3.1/AV:N/AC:L/PR:N/UI:N/S:U/C:N/I:H/A:N,https://vendor-advisories.example.com/CVE-2023-22515,https://nvd.nist.gov/vuln/detail/CVE-2023-22515,Apply vendor patch immediately; isolate host from network if patch unavailable within 24h.,Update Atlassian Confluence to a version above 8.5.,https://downloads.example.com/atlassian-confluence,Payments-Prod,Atlassian Confluence <= 8.5,Medium,VULN-7442089,Software Vulnerability
PAYMENTSPROD-0012,10.19.160.171,Server,Ubuntu 22.04,Apache ActiveMQ,CVE-2023-46604,A deserialization vulnerability in ActiveMQ's OpenWire protocol allows remote code execution.,Closed,Critical,2026-06-14,2026-06-27,9.8,3.1,CVSS:3.1/AV:N/AC:L/PR:N/UI:N/S:U/C:H/I:H/A:H,https://vendor-advisories.example.com/CVE-2023-46604,https://nvd.nist.gov/vuln/detail/CVE-2023-46604,Apply vendor patch immediately; isolate host from network if patch unavailable within 24h.,Update Apache ActiveMQ to a version above 5.18.,https://downloads.example.com/apache-activemq,Payments-Prod,Apache ActiveMQ <= 5.18,Medium,VULN-1093026,Software Vulnerability
PAYMENTSPROD-0012,10.19.160.171,Server,Ubuntu 22.04,Windows Wi-Fi Driver,CVE-2024-30078,A remote code execution vulnerability exists in the Windows Wi-Fi driver.,Open,Critical,2025-11-27,,8.8,3.1,CVSS:3.1/AV:A/AC:L/PR:N/UI:N/S:U/C:H/I:H/A:H,https://vendor-advisories.example.com/CVE-2024-30078,https://nvd.nist.gov/vuln/detail/CVE-2024-30078,Apply vendor patch immediately; isolate host from network if patch unavailable within 24h.,Update Windows Wi-Fi Driver to a version above Windows 11.,https://downloads.example.com/windows-wi-fi-driver,Payments-Prod,Windows Wi-Fi Driver <= Windows 11,Medium,VULN-4671545,Software Vulnerability
PAYMENTSPROD-0012,10.19.160.171,Server,Ubuntu 22.04,MySQL,CVE-2024-6670,An authentication vulnerability in MySQL allows unauthorized password reset.,Open,High,2026-01-02,,8.1,3.1,CVSS:3.1/AV:N/AC:L/PR:N/UI:N/S:U/C:H/I:N/A:N,https://vendor-advisories.example.com/CVE-2024-6670,https://nvd.nist.gov/vuln/detail/CVE-2024-6670,Schedule patch within next maintenance window; apply compensating WAF/firewall rule if delayed.,Update MySQL to a version above 8.0.35.,https://downloads.example.com/mysql,Payments-Prod,MySQL <= 8.0.35,Medium,VULN-9689889,Software Vulnerability
PAYMENTSPROD-0012,10.19.160.171,Server,Ubuntu 22.04,JetBrains TeamCity,CVE-2024-27198,An authentication bypass vulnerability in TeamCity allows unauthorized administrative access.,Closed,Critical,2026-05-29,2026-06-09,9.8,3.1,CVSS:3.1/AV:N/AC:L/PR:N/UI:N/S:U/C:H/I:H/A:H,https://vendor-advisories.example.com/CVE-2024-27198,https://nvd.nist.gov/vuln/detail/CVE-2024-27198,Apply vendor patch immediately; isolate host from network if patch unavailable within 24h.,Update JetBrains TeamCity to a version above 2023.11.,https://downloads.example.com/jetbrains-teamcity,Payments-Prod,JetBrains TeamCity <= 2023.11,Medium,VULN-8795419,Software Vulnerability
PAYMENTSPROD-0012,10.19.160.171,Server,Ubuntu 22.04,ConnectWise ScreenConnect,CVE-2024-1709,An authentication bypass in ScreenConnect allows an attacker to create an administrative account.,Open,Critical,2026-07-02,,10.0,3.1,CVSS:3.1/AV:N/AC:L/PR:N/UI:N/S:U/C:H/I:H/A:H,https://vendor-advisories.example.com/CVE-2024-1709,https://nvd.nist.gov/vuln/detail/CVE-2024-1709,Apply vendor patch immediately; isolate host from network if patch unavailable within 24h.,Update ConnectWise ScreenConnect to a version above 23.9.,https://downloads.example.com/connectwise-screenconnect,Payments-Prod,ConnectWise ScreenConnect <= 23.9,Medium,VULN-6323376,Software Vulnerability
PAYMENTSPROD-0012,10.19.160.171,Server,Ubuntu 22.04,Microsoft SharePoint Server,CVE-2023-29357,A privilege escalation vulnerability in SharePoint Server allows an attacker to gain administrator privileges.,Open,Critical,2026-05-18,,9.8,3.1,CVSS:3.1/AV:N/AC:L/PR:N/UI:N/S:U/C:H/I:H/A:H,https://vendor-advisories.example.com/CVE-2023-29357,https://nvd.nist.gov/vuln/detail/CVE-2023-29357,Apply vendor patch immediately; isolate host from network if patch unavailable within 24h.,Update Microsoft SharePoint Server to a version above Subscription Edition.,https://downloads.example.com/microsoft-sharepoint-server,Payments-Prod,Microsoft SharePoint Server <= Subscription Edition,Medium,VULN-9468772,Software Vulnerability
PAYMENTSPROD-0013,10.5.243.117,Server,Windows Server 2022,Microsoft Edge,CVE-2024-38178,A memory corruption vulnerability in the Scripting Engine allows remote code execution.,Closed,High,2026-06-27,2026-07-31,7.5,3.1,CVSS:3.1/AV:N/AC:H/PR:N/UI:R/S:U/C:H/I:H/A:H,https://vendor-advisories.example.com/CVE-2024-38178,https://nvd.nist.gov/vuln/detail/CVE-2024-38178,Schedule patch within next maintenance window; apply compensating WAF/firewall rule if delayed.,Update Microsoft Edge to a version above Chromium-based.,https://downloads.example.com/microsoft-edge,Payments-Prod,Microsoft Edge <= Chromium-based,Critical,VULN-8379837,Software Vulnerability
PAYMENTSPROD-0013,10.5.243.117,Server,Windows Server 2022,Jenkins,CVE-2024-23897,An arbitrary file read vulnerability in Jenkins' CLI command parser can lead to RCE.,Open,Critical,2025-11-12,,9.8,3.1,CVSS:3.1/AV:N/AC:L/PR:N/UI:N/S:U/C:H/I:H/A:H,https://vendor-advisories.example.com/CVE-2024-23897,https://nvd.nist.gov/vuln/detail/CVE-2024-23897,Apply vendor patch immediately; isolate host from network if patch unavailable within 24h.,Update Jenkins to a version above 2.441.,https://downloads.example.com/jenkins,Payments-Prod,Jenkins <= 2.441,Critical,VULN-4934149,Software Vulnerability
PAYMENTSPROD-0013,10.5.243.117,Server,Windows Server 2022,Windows Hyper-V,CVE-2024-38080,A privilege escalation vulnerability in Windows Hyper-V allows an attacker to gain SYSTEM privileges.,Closed,Critical,2026-02-20,2026-03-05,7.8,3.1,CVSS:3.1/AV:L/AC:L/PR:L/UI:N/S:U/C:H/I:H/A:H,https://vendor-advisories.example.com/CVE-2024-38080,https://nvd.nist.gov/vuln/detail/CVE-2024-38080,Apply vendor patch immediately; isolate host from network if patch unavailable within 24h.,Update Windows Hyper-V to a version above Windows Server 2022.,https://downloads.example.com/windows-hyper-v,Payments-Prod,Windows Hyper-V <= Windows Server 2022,Critical,VULN-7426265,Software Vulnerability
PAYMENTSPROD-0013,10.5.243.117,Server,Windows Server 2022,Spring Framework,CVE-2022-22965,Spring4Shell — a remote code execution vulnerability in Spring MVC/WebFlux applications.,Open,Critical,2025-12-21,,9.8,3.1,CVSS:3.1/AV:N/AC:L/PR:N/UI:N/S:U/C:H/I:H/A:H,https://vendor-advisories.example.com/CVE-2022-22965,https://nvd.nist.gov/vuln/detail/CVE-2022-22965,Apply vendor patch immediately; isolate host from network if patch unavailable within 24h.,Update Spring Framework to a version above 5.3.17.,https://downloads.example.com/spring-framework,Payments-Prod,Spring Framework <= 5.3.17,Critical,VULN-2077581,Software Vulnerability
PAYMENTSPROD-0013,10.5.243.117,Server,Windows Server 2022,libwebp,CVE-2023-4863,A heap buffer overflow in libwebp's image decoding can lead to remote code execution.,Closed,High,2026-05-04,2026-05-23,8.8,3.1,CVSS:3.1/AV:N/AC:L/PR:N/UI:R/S:U/C:H/I:H/A:H,https://vendor-advisories.example.com/CVE-2023-4863,https://nvd.nist.gov/vuln/detail/CVE-2023-4863,Schedule patch within next maintenance window; apply compensating WAF/firewall rule if delayed.,Update libwebp to a version above 1.3.1.,https://downloads.example.com/libwebp,Payments-Prod,libwebp <= 1.3.1,Critical,VULN-7975534,Software Vulnerability
PAYMENTSPROD-0014,10.24.10.221,Server,Windows Server 2019,MOVEit Transfer,CVE-2023-34362,A SQL injection vulnerability in MOVEit Transfer allows unauthenticated remote code execution.,Closed,Critical,2026-01-24,2026-01-28,9.8,3.1,CVSS:3.1/AV:N/AC:L/PR:N/UI:N/S:U/C:H/I:H/A:H,https://vendor-advisories.example.com/CVE-2023-34362,https://nvd.nist.gov/vuln/detail/CVE-2023-34362,Apply vendor patch immediately; isolate host from network if patch unavailable within 24h.,Update MOVEit Transfer to a version above 2023.0.,https://downloads.example.com/moveit-transfer,Payments-Prod,MOVEit Transfer <= 2023.0,Critical,VULN-7783308,Software Vulnerability
PAYMENTSPROD-0014,10.24.10.221,Server,Windows Server 2019,Apache ActiveMQ,CVE-2023-46604,A deserialization vulnerability in ActiveMQ's OpenWire protocol allows remote code execution.,Open,Critical,2025-12-27,,9.8,3.1,CVSS:3.1/AV:N/AC:L/PR:N/UI:N/S:U/C:H/I:H/A:H,https://vendor-advisories.example.com/CVE-2023-46604,https://nvd.nist.gov/vuln/detail/CVE-2023-46604,Apply vendor patch immediately; isolate host from network if patch unavailable within 24h.,Update Apache ActiveMQ to a version above 5.18.,https://downloads.example.com/apache-activemq,Payments-Prod,Apache ActiveMQ <= 5.18,Critical,VULN-3141239,Software Vulnerability
PAYMENTSPROD-0014,10.24.10.221,Server,Windows Server 2019,PHP,CVE-2024-4577,A CGI argument injection vulnerability in PHP on Windows allows remote code execution.,Closed,Critical,2026-07-04,2026-07-15,9.8,3.1,CVSS:3.1/AV:N/AC:L/PR:N/UI:N/S:U/C:H/I:H/A:H,https://vendor-advisories.example.com/CVE-2024-4577,https://nvd.nist.gov/vuln/detail/CVE-2024-4577,Apply vendor patch immediately; isolate host from network if patch unavailable within 24h.,Update PHP to a version above 8.1.,https://downloads.example.com/php,Payments-Prod,PHP <= 8.1,Critical,VULN-1454696,Software Vulnerability
PAYMENTSPROD-0014,10.24.10.221,Server,Windows Server 2019,xz-utils,CVE-2024-3094,A backdoor was discovered in xz-utils that allows remote code execution via SSH.,Open,Critical,2025-11-15,,10.0,3.1,CVSS:3.1/AV:N/AC:L/PR:N/UI:N/S:C/C:H/I:H/A:H,https://vendor-advisories.example.com/CVE-2024-3094,https://nvd.nist.gov/vuln/detail/CVE-2024-3094,Apply vendor patch immediately; isolate host from network if patch unavailable within 24h.,Update xz-utils to a version above 5.6.0.,https://downloads.example.com/xz-utils,Payments-Prod,xz-utils <= 5.6.0,Critical,VULN-3276659,Software Vulnerability
PAYMENTSPROD-0014,10.24.10.221,Server,Windows Server 2019,FortiOS,CVE-2024-21762,An out-of-bounds write vulnerability in FortiOS SSL-VPN allows unauthenticated RCE.,Closed,Critical,2026-05-28,2026-06-07,9.8,3.1,CVSS:3.1/AV:N/AC:L/PR:N/UI:N/S:U/C:H/I:H/A:H,https://vendor-advisories.example.com/CVE-2024-21762,https://nvd.nist.gov/vuln/detail/CVE-2024-21762,Apply vendor patch immediately; isolate host from network if patch unavailable within 24h.,Update FortiOS to a version above 7.4.,https://downloads.example.com/fortios,Payments-Prod,FortiOS <= 7.4,Critical,VULN-6662319,Software Vulnerability
PAYMENTSPROD-0014,10.24.10.221,Server,Windows Server 2019,PAN-OS,CVE-2024-3400,A command injection vulnerability in PAN-OS GlobalProtect allows unauthenticated RCE.,Closed,Critical,2026-04-16,2026-05-03,10.0,3.1,CVSS:3.1/AV:N/AC:L/PR:N/UI:N/S:C/C:H/I:H/A:H,https://vendor-advisories.example.com/CVE-2024-3400,https://nvd.nist.gov/vuln/detail/CVE-2024-3400,Apply vendor patch immediately; isolate host from network if patch unavailable within 24h.,Update PAN-OS to a version above 11.1.,https://downloads.example.com/pan-os,Payments-Prod,PAN-OS <= 11.1,Critical,VULN-8072684,Software Vulnerability
PAYMENTSPROD-0014,10.24.10.221,Server,Windows Server 2019,Microsoft SharePoint Server,CVE-2023-29357,A privilege escalation vulnerability in SharePoint Server allows an attacker to gain administrator privileges.,Open,Critical,2026-02-10,,9.8,3.1,CVSS:3.1/AV:N/AC:L/PR:N/UI:N/S:U/C:H/I:H/A:H,https://vendor-advisories.example.com/CVE-2023-29357,https://nvd.nist.gov/vuln/detail/CVE-2023-29357,Apply vendor patch immediately; isolate host from network if patch unavailable within 24h.,Update Microsoft SharePoint Server to a version above Subscription Edition.,https://downloads.example.com/microsoft-sharepoint-server,Payments-Prod,Microsoft SharePoint Server <= Subscription Edition,Critical,VULN-8890439,Software Vulnerability
PAYMENTSPROD-0014,10.24.10.221,Server,Windows Server 2019,Veeam Backup,CVE-2024-29849,An authentication bypass vulnerability allows unauthorized access to Veeam Backup Enterprise Manager.,Open,High,2025-10-13,,8.1,3.1,CVSS:3.1/AV:N/AC:L/PR:N/UI:N/S:U/C:H/I:N/A:N,https://vendor-advisories.example.com/CVE-2024-29849,https://nvd.nist.gov/vuln/detail/CVE-2024-29849,Schedule patch within next maintenance window; apply compensating WAF/firewall rule if delayed.,Update Veeam Backup to a version above 12.1.,https://downloads.example.com/veeam-backup,Payments-Prod,Veeam Backup <= 12.1,Critical,VULN-1873851,Software Vulnerability
PAYMENTSPROD-0014,10.24.10.221,Server,Windows Server 2019,MySQL,CVE-2024-6670,An authentication vulnerability in MySQL allows unauthorized password reset.,Reopened,High,2026-04-01,2026-05-24,8.1,3.1,CVSS:3.1/AV:N/AC:L/PR:N/UI:N/S:U/C:H/I:N/A:N,https://vendor-advisories.example.com/CVE-2024-6670,https://nvd.nist.gov/vuln/detail/CVE-2024-6670,Schedule patch within next maintenance window; apply compensating WAF/firewall rule if delayed.,Update MySQL to a version above 8.0.35.,https://downloads.example.com/mysql,Payments-Prod,MySQL <= 8.0.35,Critical,VULN-1520596,Software Vulnerability
PAYMENTSPROD-0014,10.24.10.221,Server,Windows Server 2019,Apache Log4j,CVE-2021-44228,Log4Shell — a JNDI injection vulnerability allows unauthenticated remote code execution.,Reopened,Critical,2026-02-07,2026-02-25,10.0,3.1,CVSS:3.1/AV:N/AC:L/PR:N/UI:N/S:C/C:H/I:H/A:H,https://vendor-advisories.example.com/CVE-2021-44228,https://nvd.nist.gov/vuln/detail/CVE-2021-44228,Apply vendor patch immediately; isolate host from network if patch unavailable within 24h.,Update Apache Log4j to a version above 2.14.1.,https://downloads.example.com/apache-log4j,Payments-Prod,Apache Log4j <= 2.14.1,Critical,VULN-3556551,Software Vulnerability
PAYMENTSPROD-0014,10.24.10.221,Server,Windows Server 2019,FortiOS SSL-VPN,CVE-2023-27997,A heap buffer overflow in FortiOS SSL-VPN allows unauthenticated remote code execution.,Closed,Critical,2026-02-03,2026-02-10,9.8,3.1,CVSS:3.1/AV:N/AC:L/PR:N/UI:N/S:U/C:H/I:H/A:H,https://vendor-advisories.example.com/CVE-2023-27997,https://nvd.nist.gov/vuln/detail/CVE-2023-27997,Apply vendor patch immediately; isolate host from network if patch unavailable within 24h.,Update FortiOS SSL-VPN to a version above 7.2.,https://downloads.example.com/fortios-ssl-vpn,Payments-Prod,FortiOS SSL-VPN <= 7.2,Critical,VULN-5299055,Software Vulnerability
PAYMENTSPROD-0014,10.24.10.221,Server,Windows Server 2019,Jenkins,CVE-2024-23897,An arbitrary file read vulnerability in Jenkins' CLI command parser can lead to RCE.,Closed,Critical,2026-04-10,2026-04-13,9.8,3.1,CVSS:3.1/AV:N/AC:L/PR:N/UI:N/S:U/C:H/I:H/A:H,https://vendor-advisories.example.com/CVE-2024-23897,https://nvd.nist.gov/vuln/detail/CVE-2024-23897,Apply vendor patch immediately; isolate host from network if patch unavailable within 24h.,Update Jenkins to a version above 2.441.,https://downloads.example.com/jenkins,Payments-Prod,Jenkins <= 2.441,Critical,VULN-2921542,Software Vulnerability
PAYMENTSPROD-0014,10.24.10.221,Server,Windows Server 2019,Windows Common Log File System Driver,CVE-2024-49138,A privilege escalation vulnerability allows an attacker to gain SYSTEM privileges.,Open,High,2025-12-26,,7.8,3.1,CVSS:3.1/AV:L/AC:L/PR:L/UI:N/S:U/C:H/I:H/A:H,https://vendor-advisories.example.com/CVE-2024-49138,https://nvd.nist.gov/vuln/detail/CVE-2024-49138,Schedule patch within next maintenance window; apply compensating WAF/firewall rule if delayed.,Update Windows Common Log File System Driver to a version above Windows Server 2019.,https://downloads.example.com/windows-common-log-file-system-driver,Payments-Prod,Windows Common Log File System Driver <= Windows Server 2019,Critical,VULN-2813596,Software Vulnerability
PAYMENTSPROD-0015,10.29.192.103,Server,RHEL 9,ConnectWise ScreenConnect,CVE-2024-1709,An authentication bypass in ScreenConnect allows an attacker to create an administrative account.,Closed,Critical,2025-10-25,2025-10-30,10.0,3.1,CVSS:3.1/AV:N/AC:L/PR:N/UI:N/S:U/C:H/I:H/A:H,https://vendor-advisories.example.com/CVE-2024-1709,https://nvd.nist.gov/vuln/detail/CVE-2024-1709,Apply vendor patch immediately; isolate host from network if patch unavailable within 24h.,Update ConnectWise ScreenConnect to a version above 23.9.,https://downloads.example.com/connectwise-screenconnect,Payments-Prod,ConnectWise ScreenConnect <= 23.9,Critical,VULN-6724909,Software Vulnerability
PAYMENTSPROD-0015,10.29.192.103,Server,RHEL 9,nginx,CVE-2023-44487,HTTP/2 Rapid Reset allows a denial-of-service attack against affected servers.,Open,High,2025-10-10,,7.5,3.1,CVSS:3.1/AV:N/AC:L/PR:N/UI:N/S:U/C:N/I:N/A:H,https://vendor-advisories.example.com/CVE-2023-44487,https://nvd.nist.gov/vuln/detail/CVE-2023-44487,Schedule patch within next maintenance window; apply compensating WAF/firewall rule if delayed.,Update nginx to a version above 1.24.,https://downloads.example.com/nginx,Payments-Prod,nginx <= 1.24,Critical,VULN-9224219,Software Vulnerability
PAYMENTSPROD-0015,10.29.192.103,Server,RHEL 9,MOVEit Transfer,CVE-2023-34362,A SQL injection vulnerability in MOVEit Transfer allows unauthenticated remote code execution.,Closed,Critical,2025-11-27,2025-12-11,9.8,3.1,CVSS:3.1/AV:N/AC:L/PR:N/UI:N/S:U/C:H/I:H/A:H,https://vendor-advisories.example.com/CVE-2023-34362,https://nvd.nist.gov/vuln/detail/CVE-2023-34362,Apply vendor patch immediately; isolate host from network if patch unavailable within 24h.,Update MOVEit Transfer to a version above 2023.0.,https://downloads.example.com/moveit-transfer,Payments-Prod,MOVEit Transfer <= 2023.0,Critical,VULN-8713146,Software Vulnerability
PAYMENTSPROD-0015,10.29.192.103,Server,RHEL 9,Windows TCP/IP Stack,CVE-2024-38063,An integer underflow in the Windows TCP/IP stack allows unauthenticated remote code execution.,Closed,Critical,2025-12-21,2025-12-30,9.8,3.1,CVSS:3.1/AV:N/AC:H/PR:N/UI:N/S:U/C:H/I:H/A:H,https://vendor-advisories.example.com/CVE-2024-38063,https://nvd.nist.gov/vuln/detail/CVE-2024-38063,Apply vendor patch immediately; isolate host from network if patch unavailable within 24h.,Update Windows TCP/IP Stack to a version above Windows Server 2022.,https://downloads.example.com/windows-tcp/ip-stack,Payments-Prod,Windows TCP/IP Stack <= Windows Server 2022,Critical,VULN-9111742,Software Vulnerability
PAYMENTSPROD-0015,10.29.192.103,Server,RHEL 9,Spring Framework,CVE-2022-22965,Spring4Shell — a remote code execution vulnerability in Spring MVC/WebFlux applications.,Closed,Critical,2026-05-30,2026-05-31,9.8,3.1,CVSS:3.1/AV:N/AC:L/PR:N/UI:N/S:U/C:H/I:H/A:H,https://vendor-advisories.example.com/CVE-2022-22965,https://nvd.nist.gov/vuln/detail/CVE-2022-22965,Apply vendor patch immediately; isolate host from network if patch unavailable within 24h.,Update Spring Framework to a version above 5.3.17.,https://downloads.example.com/spring-framework,Payments-Prod,Spring Framework <= 5.3.17,Critical,VULN-5502929,Software Vulnerability
PAYMENTSPROD-0015,10.29.192.103,Server,RHEL 9,Jenkins,CVE-2024-23897,An arbitrary file read vulnerability in Jenkins' CLI command parser can lead to RCE.,Open,Critical,2026-03-18,,9.8,3.1,CVSS:3.1/AV:N/AC:L/PR:N/UI:N/S:U/C:H/I:H/A:H,https://vendor-advisories.example.com/CVE-2024-23897,https://nvd.nist.gov/vuln/detail/CVE-2024-23897,Apply vendor patch immediately; isolate host from network if patch unavailable within 24h.,Update Jenkins to a version above 2.441.,https://downloads.example.com/jenkins,Payments-Prod,Jenkins <= 2.441,Critical,VULN-2453962,Software Vulnerability
PAYMENTSPROD-0015,10.29.192.103,Server,RHEL 9,Microsoft Outlook,CVE-2024-21413,A vulnerability in Microsoft Outlook allows remote code execution via a crafted email.,Open,Critical,2026-02-23,,9.8,3.1,CVSS:3.1/AV:N/AC:L/PR:N/UI:R/S:C/C:H/I:H/A:H,https://vendor-advisories.example.com/CVE-2024-21413,https://nvd.nist.gov/vuln/detail/CVE-2024-21413,Apply vendor patch immediately; isolate host from network if patch unavailable within 24h.,Update Microsoft Outlook to a version above 2021.,https://downloads.example.com/microsoft-outlook,Payments-Prod,Microsoft Outlook <= 2021,Critical,VULN-5091349,Software Vulnerability
PAYMENTSPROD-0015,10.29.192.103,Server,RHEL 9,Windows Hyper-V,CVE-2024-38080,A privilege escalation vulnerability in Windows Hyper-V allows an attacker to gain SYSTEM privileges.,Closed,Critical,2026-05-29,2026-06-06,7.8,3.1,CVSS:3.1/AV:L/AC:L/PR:L/UI:N/S:U/C:H/I:H/A:H,https://vendor-advisories.example.com/CVE-2024-38080,https://nvd.nist.gov/vuln/detail/CVE-2024-38080,Apply vendor patch immediately; isolate host from network if patch unavailable within 24h.,Update Windows Hyper-V to a version above Windows Server 2022.,https://downloads.example.com/windows-hyper-v,Payments-Prod,Windows Hyper-V <= Windows Server 2022,Critical,VULN-6452832,Software Vulnerability
PAYMENTSPROD-0015,10.29.192.103,Server,RHEL 9,PAN-OS,CVE-2024-3400,A command injection vulnerability in PAN-OS GlobalProtect allows unauthenticated RCE.,Closed,Critical,2026-01-05,2026-01-10,10.0,3.1,CVSS:3.1/AV:N/AC:L/PR:N/UI:N/S:C/C:H/I:H/A:H,https://vendor-advisories.example.com/CVE-2024-3400,https://nvd.nist.gov/vuln/detail/CVE-2024-3400,Apply vendor patch immediately; isolate host from network if patch unavailable within 24h.,Update PAN-OS to a version above 11.1.,https://downloads.example.com/pan-os,Payments-Prod,PAN-OS <= 11.1,Critical,VULN-5334434,Software Vulnerability
PAYMENTSPROD-0015,10.29.192.103,Server,RHEL 9,FortiOS SSL-VPN,CVE-2023-27997,A heap buffer overflow in FortiOS SSL-VPN allows unauthenticated remote code execution.,Closed,Critical,2026-03-27,2026-03-28,9.8,3.1,CVSS:3.1/AV:N/AC:L/PR:N/UI:N/S:U/C:H/I:H/A:H,https://vendor-advisories.example.com/CVE-2023-27997,https://nvd.nist.gov/vuln/detail/CVE-2023-27997,Apply vendor patch immediately; isolate host from network if patch unavailable within 24h.,Update FortiOS SSL-VPN to a version above 7.2.,https://downloads.example.com/fortios-ssl-vpn,Payments-Prod,FortiOS SSL-VPN <= 7.2,Critical,VULN-9667566,Software Vulnerability
PAYMENTSPROD-0015,10.29.192.103,Server,RHEL 9,WordPress Backup Migration Plugin,CVE-2023-6553,A remote code execution vulnerability in the Backup Migration WordPress plugin.,Closed,High,2026-01-09,2026-01-15,8.8,3.1,CVSS:3.1/AV:N/AC:L/PR:N/UI:N/S:U/C:H/I:H/A:H,https://vendor-advisories.example.com/CVE-2023-6553,https://nvd.nist.gov/vuln/detail/CVE-2023-6553,Schedule patch within next maintenance window; apply compensating WAF/firewall rule if delayed.,Update WordPress Backup Migration Plugin to a version above 1.3.7.,https://downloads.example.com/wordpress-backup-migration-plugin,Payments-Prod,WordPress Backup Migration Plugin <= 1.3.7,Critical,VULN-9196976,Software Vulnerability
PAYMENTSPROD-0015,10.29.192.103,Server,RHEL 9,Windows Common Log File System Driver,CVE-2024-49138,A privilege escalation vulnerability allows an attacker to gain SYSTEM privileges.,Open,High,2026-07-15,,7.8,3.1,CVSS:3.1/AV:L/AC:L/PR:L/UI:N/S:U/C:H/I:H/A:H,https://vendor-advisories.example.com/CVE-2024-49138,https://nvd.nist.gov/vuln/detail/CVE-2024-49138,Schedule patch within next maintenance window; apply compensating WAF/firewall rule if delayed.,Update Windows Common Log File System Driver to a version above Windows Server 2019.,https://downloads.example.com/windows-common-log-file-system-driver,Payments-Prod,Windows Common Log File System Driver <= Windows Server 2019,Critical,VULN-8987516,Software Vulnerability
PAYMENTSPROD-0016,10.0.47.77,Server,Windows Server 2019,Apache ActiveMQ,CVE-2023-46604,A deserialization vulnerability in ActiveMQ's OpenWire protocol allows remote code execution.,Closed,Critical,2026-04-10,2026-04-14,9.8,3.1,CVSS:3.1/AV:N/AC:L/PR:N/UI:N/S:U/C:H/I:H/A:H,https://vendor-advisories.example.com/CVE-2023-46604,https://nvd.nist.gov/vuln/detail/CVE-2023-46604,Apply vendor patch immediately; isolate host from network if patch unavailable within 24h.,Update Apache ActiveMQ to a version above 5.18.,https://downloads.example.com/apache-activemq,Payments-Prod,Apache ActiveMQ <= 5.18,Critical,VULN-6549757,Software Vulnerability
PAYMENTSPROD-0016,10.0.47.77,Server,Windows Server 2019,Windows TCP/IP Stack,CVE-2024-38063,An integer underflow in the Windows TCP/IP stack allows unauthenticated remote code execution.,Open,Critical,2026-04-02,,9.8,3.1,CVSS:3.1/AV:N/AC:H/PR:N/UI:N/S:U/C:H/I:H/A:H,https://vendor-advisories.example.com/CVE-2024-38063,https://nvd.nist.gov/vuln/detail/CVE-2024-38063,Apply vendor patch immediately; isolate host from network if patch unavailable within 24h.,Update Windows TCP/IP Stack to a version above Windows Server 2022.,https://downloads.example.com/windows-tcp/ip-stack,Payments-Prod,Windows TCP/IP Stack <= Windows Server 2022,Critical,VULN-5545223,Software Vulnerability
PAYMENTSPROD-0016,10.0.47.77,Server,Windows Server 2019,Jenkins,CVE-2024-23897,An arbitrary file read vulnerability in Jenkins' CLI command parser can lead to RCE.,Closed,Critical,2026-03-09,2026-03-18,9.8,3.1,CVSS:3.1/AV:N/AC:L/PR:N/UI:N/S:U/C:H/I:H/A:H,https://vendor-advisories.example.com/CVE-2024-23897,https://nvd.nist.gov/vuln/detail/CVE-2024-23897,Apply vendor patch immediately; isolate host from network if patch unavailable within 24h.,Update Jenkins to a version above 2.441.,https://downloads.example.com/jenkins,Payments-Prod,Jenkins <= 2.441,Critical,VULN-4231028,Software Vulnerability
PAYMENTSPROD-0016,10.0.47.77,Server,Windows Server 2019,PAN-OS,CVE-2024-3400,A command injection vulnerability in PAN-OS GlobalProtect allows unauthenticated RCE.,Closed,Critical,2026-03-14,2026-03-15,10.0,3.1,CVSS:3.1/AV:N/AC:L/PR:N/UI:N/S:C/C:H/I:H/A:H,https://vendor-advisories.example.com/CVE-2024-3400,https://nvd.nist.gov/vuln/detail/CVE-2024-3400,Apply vendor patch immediately; isolate host from network if patch unavailable within 24h.,Update PAN-OS to a version above 11.1.,https://downloads.example.com/pan-os,Payments-Prod,PAN-OS <= 11.1,Critical,VULN-4630331,Software Vulnerability
PAYMENTSPROD-0017,10.3.99.77,Server,RHEL 9,FortiOS,CVE-2024-21762,An out-of-bounds write vulnerability in FortiOS SSL-VPN allows unauthenticated RCE.,Reopened,Critical,2026-07-04,2026-07-12,9.8,3.1,CVSS:3.1/AV:N/AC:L/PR:N/UI:N/S:U/C:H/I:H/A:H,https://vendor-advisories.example.com/CVE-2024-21762,https://nvd.nist.gov/vuln/detail/CVE-2024-21762,Apply vendor patch immediately; isolate host from network if patch unavailable within 24h.,Update FortiOS to a version above 7.4.,https://downloads.example.com/fortios,Payments-Prod,FortiOS <= 7.4,Medium,VULN-1914794,Software Vulnerability
PAYMENTSPROD-0017,10.3.99.77,Server,RHEL 9,curl,CVE-2023-38545,A heap buffer overflow in curl's SOCKS5 proxy handling can lead to a crash or code execution.,Closed,High,2026-07-14,2026-07-31,7.5,3.1,CVSS:3.1/AV:N/AC:H/PR:N/UI:N/S:U/C:H/I:H/A:H,https://vendor-advisories.example.com/CVE-2023-38545,https://nvd.nist.gov/vuln/detail/CVE-2023-38545,Schedule patch within next maintenance window; apply compensating WAF/firewall rule if delayed.,Update curl to a version above 8.3.0.,https://downloads.example.com/curl,Payments-Prod,curl <= 8.3.0,Medium,VULN-2721135,Software Vulnerability
PAYMENTSPROD-0017,10.3.99.77,Server,RHEL 9,PAN-OS,CVE-2024-3400,A command injection vulnerability in PAN-OS GlobalProtect allows unauthenticated RCE.,Closed,Critical,2025-10-10,2025-10-17,10.0,3.1,CVSS:3.1/AV:N/AC:L/PR:N/UI:N/S:C/C:H/I:H/A:H,https://vendor-advisories.example.com/CVE-2024-3400,https://nvd.nist.gov/vuln/detail/CVE-2024-3400,Apply vendor patch immediately; isolate host from network if patch unavailable within 24h.,Update PAN-OS to a version above 11.1.,https://downloads.example.com/pan-os,Payments-Prod,PAN-OS <= 11.1,Medium,VULN-8389840,Software Vulnerability
PAYMENTSPROD-0017,10.3.99.77,Server,RHEL 9,xz-utils,CVE-2024-3094,A backdoor was discovered in xz-utils that allows remote code execution via SSH.,Closed,Critical,2026-03-27,2026-04-22,10.0,3.1,CVSS:3.1/AV:N/AC:L/PR:N/UI:N/S:C/C:H/I:H/A:H,https://vendor-advisories.example.com/CVE-2024-3094,https://nvd.nist.gov/vuln/detail/CVE-2024-3094,Apply vendor patch immediately; isolate host from network if patch unavailable within 24h.,Update xz-utils to a version above 5.6.0.,https://downloads.example.com/xz-utils,Payments-Prod,xz-utils <= 5.6.0,Medium,VULN-2096280,Software Vulnerability
PAYMENTSPROD-0018,10.21.27.40,Server,Ubuntu 22.04,Windows Wi-Fi Driver,CVE-2024-30078,A remote code execution vulnerability exists in the Windows Wi-Fi driver.,Open,Critical,2025-11-16,,8.8,3.1,CVSS:3.1/AV:A/AC:L/PR:N/UI:N/S:U/C:H/I:H/A:H,https://vendor-advisories.example.com/CVE-2024-30078,https://nvd.nist.gov/vuln/detail/CVE-2024-30078,Apply vendor patch immediately; isolate host from network if patch unavailable within 24h.,Update Windows Wi-Fi Driver to a version above Windows 11.,https://downloads.example.com/windows-wi-fi-driver,Payments-Prod,Windows Wi-Fi Driver <= Windows 11,Critical,VULN-2987287,Software Vulnerability
PAYMENTSPROD-0018,10.21.27.40,Server,Ubuntu 22.04,MOVEit Transfer,CVE-2023-34362,A SQL injection vulnerability in MOVEit Transfer allows unauthenticated remote code execution.,Open,Critical,2026-07-16,,9.8,3.1,CVSS:3.1/AV:N/AC:L/PR:N/UI:N/S:U/C:H/I:H/A:H,https://vendor-advisories.example.com/CVE-2023-34362,https://nvd.nist.gov/vuln/detail/CVE-2023-34362,Apply vendor patch immediately; isolate host from network if patch unavailable within 24h.,Update MOVEit Transfer to a version above 2023.0.,https://downloads.example.com/moveit-transfer,Payments-Prod,MOVEit Transfer <= 2023.0,Critical,VULN-4786401,Software Vulnerability
PAYMENTSPROD-0018,10.21.27.40,Server,Ubuntu 22.04,PAN-OS,CVE-2024-3400,A command injection vulnerability in PAN-OS GlobalProtect allows unauthenticated RCE.,Closed,Critical,2026-06-28,2026-07-14,10.0,3.1,CVSS:3.1/AV:N/AC:L/PR:N/UI:N/S:C/C:H/I:H/A:H,https://vendor-advisories.example.com/CVE-2024-3400,https://nvd.nist.gov/vuln/detail/CVE-2024-3400,Apply vendor patch immediately; isolate host from network if patch unavailable within 24h.,Update PAN-OS to a version above 11.1.,https://downloads.example.com/pan-os,Payments-Prod,PAN-OS <= 11.1,Critical,VULN-5988757,Software Vulnerability
PAYMENTSPROD-0019,10.19.30.158,Workstation,Windows 11,Microsoft Outlook,CVE-2024-21413,A vulnerability in Microsoft Outlook allows remote code execution via a crafted email.,Closed,Critical,2025-11-11,2025-11-13,9.8,3.1,CVSS:3.1/AV:N/AC:L/PR:N/UI:R/S:C/C:H/I:H/A:H,https://vendor-advisories.example.com/CVE-2024-21413,https://nvd.nist.gov/vuln/detail/CVE-2024-21413,Apply vendor patch immediately; isolate host from network if patch unavailable within 24h.,Update Microsoft Outlook to a version above 2021.,https://downloads.example.com/microsoft-outlook,Payments-Prod,Microsoft Outlook <= 2021,Critical,VULN-1547605,Software Vulnerability
PAYMENTSPROD-0019,10.19.30.158,Workstation,Windows 11,Microsoft Edge,CVE-2024-38178,A memory corruption vulnerability in the Scripting Engine allows remote code execution.,Closed,High,2026-01-30,2026-03-04,7.5,3.1,CVSS:3.1/AV:N/AC:H/PR:N/UI:R/S:U/C:H/I:H/A:H,https://vendor-advisories.example.com/CVE-2024-38178,https://nvd.nist.gov/vuln/detail/CVE-2024-38178,Schedule patch within next maintenance window; apply compensating WAF/firewall rule if delayed.,Update Microsoft Edge to a version above Chromium-based.,https://downloads.example.com/microsoft-edge,Payments-Prod,Microsoft Edge <= Chromium-based,Critical,VULN-8617381,Software Vulnerability
PAYMENTSPROD-0019,10.19.30.158,Workstation,Windows 11,ConnectWise ScreenConnect,CVE-2024-1709,An authentication bypass in ScreenConnect allows an attacker to create an administrative account.,Open,Critical,2025-11-09,,10.0,3.1,CVSS:3.1/AV:N/AC:L/PR:N/UI:N/S:U/C:H/I:H/A:H,https://vendor-advisories.example.com/CVE-2024-1709,https://nvd.nist.gov/vuln/detail/CVE-2024-1709,Apply vendor patch immediately; isolate host from network if patch unavailable within 24h.,Update ConnectWise ScreenConnect to a version above 23.9.,https://downloads.example.com/connectwise-screenconnect,Payments-Prod,ConnectWise ScreenConnect <= 23.9,Critical,VULN-5438490,Software Vulnerability
PAYMENTSPROD-0019,10.19.30.158,Workstation,Windows 11,Spring Framework,CVE-2022-22965,Spring4Shell — a remote code execution vulnerability in Spring MVC/WebFlux applications.,Closed,Critical,2026-01-13,2026-01-14,9.8,3.1,CVSS:3.1/AV:N/AC:L/PR:N/UI:N/S:U/C:H/I:H/A:H,https://vendor-advisories.example.com/CVE-2022-22965,https://nvd.nist.gov/vuln/detail/CVE-2022-22965,Apply vendor patch immediately; isolate host from network if patch unavailable within 24h.,Update Spring Framework to a version above 5.3.17.,https://downloads.example.com/spring-framework,Payments-Prod,Spring Framework <= 5.3.17,Critical,VULN-3386328,Software Vulnerability
PAYMENTSPROD-0019,10.19.30.158,Workstation,Windows 11,Windows Common Log File System Driver,CVE-2024-49138,A privilege escalation vulnerability allows an attacker to gain SYSTEM privileges.,Closed,High,2025-11-09,2025-11-26,7.8,3.1,CVSS:3.1/AV:L/AC:L/PR:L/UI:N/S:U/C:H/I:H/A:H,https://vendor-advisories.example.com/CVE-2024-49138,https://nvd.nist.gov/vuln/detail/CVE-2024-49138,Schedule patch within next maintenance window; apply compensating WAF/firewall rule if delayed.,Update Windows Common Log File System Driver to a version above Windows Server 2019.,https://downloads.example.com/windows-common-log-file-system-driver,Payments-Prod,Windows Common Log File System Driver <= Windows Server 2019,Critical,VULN-5842082,Software Vulnerability
PAYMENTSPROD-0019,10.19.30.158,Workstation,Windows 11,libwebp,CVE-2023-4863,A heap buffer overflow in libwebp's image decoding can lead to remote code execution.,Closed,High,2026-05-16,2026-05-30,8.8,3.1,CVSS:3.1/AV:N/AC:L/PR:N/UI:R/S:U/C:H/I:H/A:H,https://vendor-advisories.example.com/CVE-2023-4863,https://nvd.nist.gov/vuln/detail/CVE-2023-4863,Schedule patch within next maintenance window; apply compensating WAF/firewall rule if delayed.,Update libwebp to a version above 1.3.1.,https://downloads.example.com/libwebp,Payments-Prod,libwebp <= 1.3.1,Critical,VULN-9396529,Software Vulnerability
PAYMENTSPROD-0019,10.19.30.158,Workstation,Windows 11,Apache Log4j,CVE-2021-44228,Log4Shell — a JNDI injection vulnerability allows unauthenticated remote code execution.,Reopened,Critical,2026-07-07,2026-07-08,10.0,3.1,CVSS:3.1/AV:N/AC:L/PR:N/UI:N/S:C/C:H/I:H/A:H,https://vendor-advisories.example.com/CVE-2021-44228,https://nvd.nist.gov/vuln/detail/CVE-2021-44228,Apply vendor patch immediately; isolate host from network if patch unavailable within 24h.,Update Apache Log4j to a version above 2.14.1.,https://downloads.example.com/apache-log4j,Payments-Prod,Apache Log4j <= 2.14.1,Critical,VULN-1668752,Software Vulnerability
PAYMENTSPROD-0019,10.19.30.158,Workstation,Windows 11,nginx,CVE-2023-44487,HTTP/2 Rapid Reset allows a denial-of-service attack against affected servers.,Open,High,2026-05-13,,7.5,3.1,CVSS:3.1/AV:N/AC:L/PR:N/UI:N/S:U/C:N/I:N/A:H,https://vendor-advisories.example.com/CVE-2023-44487,https://nvd.nist.gov/vuln/detail/CVE-2023-44487,Schedule patch within next maintenance window; apply compensating WAF/firewall rule if delayed.,Update nginx to a version above 1.24.,https://downloads.example.com/nginx,Payments-Prod,nginx <= 1.24,Critical,VULN-5200476,Software Vulnerability
PAYMENTSPROD-0019,10.19.30.158,Workstation,Windows 11,curl,CVE-2023-38545,A heap buffer overflow in curl's SOCKS5 proxy handling can lead to a crash or code execution.,Closed,High,2025-10-17,2025-12-03,7.5,3.1,CVSS:3.1/AV:N/AC:H/PR:N/UI:N/S:U/C:H/I:H/A:H,https://vendor-advisories.example.com/CVE-2023-38545,https://nvd.nist.gov/vuln/detail/CVE-2023-38545,Schedule patch within next maintenance window; apply compensating WAF/firewall rule if delayed.,Update curl to a version above 8.3.0.,https://downloads.example.com/curl,Payments-Prod,curl <= 8.3.0,Critical,VULN-1348050,Software Vulnerability
PAYMENTSPROD-0019,10.19.30.158,Workstation,Windows 11,Jenkins,CVE-2024-23897,An arbitrary file read vulnerability in Jenkins' CLI command parser can lead to RCE.,Closed,Critical,2026-02-18,2026-02-26,9.8,3.1,CVSS:3.1/AV:N/AC:L/PR:N/UI:N/S:U/C:H/I:H/A:H,https://vendor-advisories.example.com/CVE-2024-23897,https://nvd.nist.gov/vuln/detail/CVE-2024-23897,Apply vendor patch immediately; isolate host from network if patch unavailable within 24h.,Update Jenkins to a version above 2.441.,https://downloads.example.com/jenkins,Payments-Prod,Jenkins <= 2.441,Critical,VULN-3939212,Software Vulnerability
PAYMENTSPROD-0019,10.19.30.158,Workstation,Windows 11,WordPress Backup Migration Plugin,CVE-2023-6553,A remote code execution vulnerability in the Backup Migration WordPress plugin.,Closed,High,2026-06-01,2026-06-13,8.8,3.1,CVSS:3.1/AV:N/AC:L/PR:N/UI:N/S:U/C:H/I:H/A:H,https://vendor-advisories.example.com/CVE-2023-6553,https://nvd.nist.gov/vuln/detail/CVE-2023-6553,Schedule patch within next maintenance window; apply compensating WAF/firewall rule if delayed.,Update WordPress Backup Migration Plugin to a version above 1.3.7.,https://downloads.example.com/wordpress-backup-migration-plugin,Payments-Prod,WordPress Backup Migration Plugin <= 1.3.7,Critical,VULN-8312936,Software Vulnerability
PAYMENTSPROD-0019,10.19.30.158,Workstation,Windows 11,MySQL,CVE-2024-6670,An authentication vulnerability in MySQL allows unauthorized password reset.,Open,High,2026-06-12,,8.1,3.1,CVSS:3.1/AV:N/AC:L/PR:N/UI:N/S:U/C:H/I:N/A:N,https://vendor-advisories.example.com/CVE-2024-6670,https://nvd.nist.gov/vuln/detail/CVE-2024-6670,Schedule patch within next maintenance window; apply compensating WAF/firewall rule if delayed.,Update MySQL to a version above 8.0.35.,https://downloads.example.com/mysql,Payments-Prod,MySQL <= 8.0.35,Critical,VULN-8885465,Software Vulnerability
PAYMENTSPROD-0020,10.3.82.86,Server,RHEL 9,Windows TCP/IP Stack,CVE-2024-38063,An integer underflow in the Windows TCP/IP stack allows unauthenticated remote code execution.,Closed,Critical,2025-10-22,2025-11-04,9.8,3.1,CVSS:3.1/AV:N/AC:H/PR:N/UI:N/S:U/C:H/I:H/A:H,https://vendor-advisories.example.com/CVE-2024-38063,https://nvd.nist.gov/vuln/detail/CVE-2024-38063,Apply vendor patch immediately; isolate host from network if patch unavailable within 24h.,Update Windows TCP/IP Stack to a version above Windows Server 2022.,https://downloads.example.com/windows-tcp/ip-stack,Payments-Prod,Windows TCP/IP Stack <= Windows Server 2022,Critical,VULN-6423634,Software Vulnerability
PAYMENTSPROD-0020,10.3.82.86,Server,RHEL 9,PHP,CVE-2024-4577,A CGI argument injection vulnerability in PHP on Windows allows remote code execution.,Open,Critical,2025-12-02,,9.8,3.1,CVSS:3.1/AV:N/AC:L/PR:N/UI:N/S:U/C:H/I:H/A:H,https://vendor-advisories.example.com/CVE-2024-4577,https://nvd.nist.gov/vuln/detail/CVE-2024-4577,Apply vendor patch immediately; isolate host from network if patch unavailable within 24h.,Update PHP to a version above 8.1.,https://downloads.example.com/php,Payments-Prod,PHP <= 8.1,Critical,VULN-7780932,Software Vulnerability
PAYMENTSPROD-0020,10.3.82.86,Server,RHEL 9,PAN-OS,CVE-2024-3400,A command injection vulnerability in PAN-OS GlobalProtect allows unauthenticated RCE.,Open,Critical,2026-06-24,,10.0,3.1,CVSS:3.1/AV:N/AC:L/PR:N/UI:N/S:C/C:H/I:H/A:H,https://vendor-advisories.example.com/CVE-2024-3400,https://nvd.nist.gov/vuln/detail/CVE-2024-3400,Apply vendor patch immediately; isolate host from network if patch unavailable within 24h.,Update PAN-OS to a version above 11.1.,https://downloads.example.com/pan-os,Payments-Prod,PAN-OS <= 11.1,Critical,VULN-1019311,Software Vulnerability
PAYMENTSPROD-0020,10.3.82.86,Server,RHEL 9,Apache Log4j,CVE-2021-44228,Log4Shell — a JNDI injection vulnerability allows unauthenticated remote code execution.,Closed,Critical,2026-07-08,2026-07-26,10.0,3.1,CVSS:3.1/AV:N/AC:L/PR:N/UI:N/S:C/C:H/I:H/A:H,https://vendor-advisories.example.com/CVE-2021-44228,https://nvd.nist.gov/vuln/detail/CVE-2021-44228,Apply vendor patch immediately; isolate host from network if patch unavailable within 24h.,Update Apache Log4j to a version above 2.14.1.,https://downloads.example.com/apache-log4j,Payments-Prod,Apache Log4j <= 2.14.1,Critical,VULN-9363326,Software Vulnerability
PAYMENTSPROD-0020,10.3.82.86,Server,RHEL 9,Apache ActiveMQ,CVE-2023-46604,A deserialization vulnerability in ActiveMQ's OpenWire protocol allows remote code execution.,Open,Critical,2026-05-18,,9.8,3.1,CVSS:3.1/AV:N/AC:L/PR:N/UI:N/S:U/C:H/I:H/A:H,https://vendor-advisories.example.com/CVE-2023-46604,https://nvd.nist.gov/vuln/detail/CVE-2023-46604,Apply vendor patch immediately; isolate host from network if patch unavailable within 24h.,Update Apache ActiveMQ to a version above 5.18.,https://downloads.example.com/apache-activemq,Payments-Prod,Apache ActiveMQ <= 5.18,Critical,VULN-4415140,Software Vulnerability
PAYMENTSPROD-0020,10.3.82.86,Server,RHEL 9,Microsoft Edge,CVE-2024-38178,A memory corruption vulnerability in the Scripting Engine allows remote code execution.,Closed,High,2026-02-17,2026-03-16,7.5,3.1,CVSS:3.1/AV:N/AC:H/PR:N/UI:R/S:U/C:H/I:H/A:H,https://vendor-advisories.example.com/CVE-2024-38178,https://nvd.nist.gov/vuln/detail/CVE-2024-38178,Schedule patch within next maintenance window; apply compensating WAF/firewall rule if delayed.,Update Microsoft Edge to a version above Chromium-based.,https://downloads.example.com/microsoft-edge,Payments-Prod,Microsoft Edge <= Chromium-based,Critical,VULN-8350368,Software Vulnerability
PAYMENTSPROD-0020,10.3.82.86,Server,RHEL 9,MySQL,CVE-2024-6670,An authentication vulnerability in MySQL allows unauthorized password reset.,Closed,High,2026-06-09,2026-07-19,8.1,3.1,CVSS:3.1/AV:N/AC:L/PR:N/UI:N/S:U/C:H/I:N/A:N,https://vendor-advisories.example.com/CVE-2024-6670,https://nvd.nist.gov/vuln/detail/CVE-2024-6670,Schedule patch within next maintenance window; apply compensating WAF/firewall rule if delayed.,Update MySQL to a version above 8.0.35.,https://downloads.example.com/mysql,Payments-Prod,MySQL <= 8.0.35,Critical,VULN-3657144,Software Vulnerability
PAYMENTSPROD-0021,10.2.115.217,Server,Ubuntu 22.04,Microsoft Office,CVE-2023-36884,A vulnerability in Microsoft Office allows remote code execution via a crafted document.,Closed,High,2025-12-21,2026-01-09,7.8,3.1,CVSS:3.1/AV:N/AC:H/PR:N/UI:R/S:U/C:H/I:H/A:H,https://vendor-advisories.example.com/CVE-2023-36884,https://nvd.nist.gov/vuln/detail/CVE-2023-36884,Schedule patch within next maintenance window; apply compensating WAF/firewall rule if delayed.,Update Microsoft Office to a version above 2021.,https://downloads.example.com/microsoft-office,Payments-Prod,Microsoft Office <= 2021,Critical,VULN-9537455,Software Vulnerability
PAYMENTSPROD-0021,10.2.115.217,Server,Ubuntu 22.04,Microsoft Outlook,CVE-2024-21413,A vulnerability in Microsoft Outlook allows remote code execution via a crafted email.,Closed,Critical,2026-02-20,2026-02-23,9.8,3.1,CVSS:3.1/AV:N/AC:L/PR:N/UI:R/S:C/C:H/I:H/A:H,https://vendor-advisories.example.com/CVE-2024-21413,https://nvd.nist.gov/vuln/detail/CVE-2024-21413,Apply vendor patch immediately; isolate host from network if patch unavailable within 24h.,Update Microsoft Outlook to a version above 2021.,https://downloads.example.com/microsoft-outlook,Payments-Prod,Microsoft Outlook <= 2021,Critical,VULN-3426689,Software Vulnerability
PAYMENTSPROD-0022,10.28.69.223,Server,Windows Server 2022,libwebp,CVE-2023-4863,A heap buffer overflow in libwebp's image decoding can lead to remote code execution.,Closed,High,2026-05-04,2026-05-28,8.8,3.1,CVSS:3.1/AV:N/AC:L/PR:N/UI:R/S:U/C:H/I:H/A:H,https://vendor-advisories.example.com/CVE-2023-4863,https://nvd.nist.gov/vuln/detail/CVE-2023-4863,Schedule patch within next maintenance window; apply compensating WAF/firewall rule if delayed.,Update libwebp to a version above 1.3.1.,https://downloads.example.com/libwebp,Payments-Prod,libwebp <= 1.3.1,Critical,VULN-5482413,Software Vulnerability
PAYMENTSPROD-0022,10.28.69.223,Server,Windows Server 2022,Microsoft Edge,CVE-2024-38178,A memory corruption vulnerability in the Scripting Engine allows remote code execution.,Closed,High,2025-10-05,2025-10-22,7.5,3.1,CVSS:3.1/AV:N/AC:H/PR:N/UI:R/S:U/C:H/I:H/A:H,https://vendor-advisories.example.com/CVE-2024-38178,https://nvd.nist.gov/vuln/detail/CVE-2024-38178,Schedule patch within next maintenance window; apply compensating WAF/firewall rule if delayed.,Update Microsoft Edge to a version above Chromium-based.,https://downloads.example.com/microsoft-edge,Payments-Prod,Microsoft Edge <= Chromium-based,Critical,VULN-9214801,Software Vulnerability
PAYMENTSPROD-0023,10.11.170.143,Workstation,Windows 11,MySQL,CVE-2024-6670,An authentication vulnerability in MySQL allows unauthorized password reset.,Open,High,2026-06-03,,8.1,3.1,CVSS:3.1/AV:N/AC:L/PR:N/UI:N/S:U/C:H/I:N/A:N,https://vendor-advisories.example.com/CVE-2024-6670,https://nvd.nist.gov/vuln/detail/CVE-2024-6670,Schedule patch within next maintenance window; apply compensating WAF/firewall rule if delayed.,Update MySQL to a version above 8.0.35.,https://downloads.example.com/mysql,Payments-Prod,MySQL <= 8.0.35,Critical,VULN-7395997,Software Vulnerability
PAYMENTSPROD-0023,10.11.170.143,Workstation,Windows 11,Apache ActiveMQ,CVE-2023-46604,A deserialization vulnerability in ActiveMQ's OpenWire protocol allows remote code execution.,Open,Critical,2026-04-19,,9.8,3.1,CVSS:3.1/AV:N/AC:L/PR:N/UI:N/S:U/C:H/I:H/A:H,https://vendor-advisories.example.com/CVE-2023-46604,https://nvd.nist.gov/vuln/detail/CVE-2023-46604,Apply vendor patch immediately; isolate host from network if patch unavailable within 24h.,Update Apache ActiveMQ to a version above 5.18.,https://downloads.example.com/apache-activemq,Payments-Prod,Apache ActiveMQ <= 5.18,Critical,VULN-3551903,Software Vulnerability
PAYMENTSPROD-0023,10.11.170.143,Workstation,Windows 11,Microsoft Office,CVE-2023-36884,A vulnerability in Microsoft Office allows remote code execution via a crafted document.,Open,High,2026-06-14,,7.8,3.1,CVSS:3.1/AV:N/AC:H/PR:N/UI:R/S:U/C:H/I:H/A:H,https://vendor-advisories.example.com/CVE-2023-36884,https://nvd.nist.gov/vuln/detail/CVE-2023-36884,Schedule patch within next maintenance window; apply compensating WAF/firewall rule if delayed.,Update Microsoft Office to a version above 2021.,https://downloads.example.com/microsoft-office,Payments-Prod,Microsoft Office <= 2021,Critical,VULN-3118060,Software Vulnerability
PAYMENTSPROD-0023,10.11.170.143,Workstation,Windows 11,Atlassian Confluence,CVE-2023-22515,A broken access control vulnerability allows creation of unauthorized administrator accounts.,Open,Critical,2026-06-18,,9.1,3.1,CVSS:3.1/AV:N/AC:L/PR:N/UI:N/S:U/C:N/I:H/A:N,https://vendor-advisories.example.com/CVE-2023-22515,https://nvd.nist.gov/vuln/detail/CVE-2023-22515,Apply vendor patch immediately; isolate host from network if patch unavailable within 24h.,Update Atlassian Confluence to a version above 8.5.,https://downloads.example.com/atlassian-confluence,Payments-Prod,Atlassian Confluence <= 8.5,Critical,VULN-6569946,Software Vulnerability
PAYMENTSPROD-0023,10.11.170.143,Workstation,Windows 11,ConnectWise ScreenConnect,CVE-2024-1709,An authentication bypass in ScreenConnect allows an attacker to create an administrative account.,Open,Critical,2025-11-24,,10.0,3.1,CVSS:3.1/AV:N/AC:L/PR:N/UI:N/S:U/C:H/I:H/A:H,https://vendor-advisories.example.com/CVE-2024-1709,https://nvd.nist.gov/vuln/detail/CVE-2024-1709,Apply vendor patch immediately; isolate host from network if patch unavailable within 24h.,Update ConnectWise ScreenConnect to a version above 23.9.,https://downloads.example.com/connectwise-screenconnect,Payments-Prod,ConnectWise ScreenConnect <= 23.9,Critical,VULN-8387112,Software Vulnerability
PAYMENTSPROD-0023,10.11.170.143,Workstation,Windows 11,Windows TCP/IP Stack,CVE-2024-38063,An integer underflow in the Windows TCP/IP stack allows unauthenticated remote code execution.,Closed,Critical,2025-11-24,2025-12-13,9.8,3.1,CVSS:3.1/AV:N/AC:H/PR:N/UI:N/S:U/C:H/I:H/A:H,https://vendor-advisories.example.com/CVE-2024-38063,https://nvd.nist.gov/vuln/detail/CVE-2024-38063,Apply vendor patch immediately; isolate host from network if patch unavailable within 24h.,Update Windows TCP/IP Stack to a version above Windows Server 2022.,https://downloads.example.com/windows-tcp/ip-stack,Payments-Prod,Windows TCP/IP Stack <= Windows Server 2022,Critical,VULN-3418526,Software Vulnerability
PAYMENTSPROD-0023,10.11.170.143,Workstation,Windows 11,Jenkins,CVE-2024-23897,An arbitrary file read vulnerability in Jenkins' CLI command parser can lead to RCE.,Open,Critical,2026-05-01,,9.8,3.1,CVSS:3.1/AV:N/AC:L/PR:N/UI:N/S:U/C:H/I:H/A:H,https://vendor-advisories.example.com/CVE-2024-23897,https://nvd.nist.gov/vuln/detail/CVE-2024-23897,Apply vendor patch immediately; isolate host from network if patch unavailable within 24h.,Update Jenkins to a version above 2.441.,https://downloads.example.com/jenkins,Payments-Prod,Jenkins <= 2.441,Critical,VULN-3589751,Software Vulnerability
PAYMENTSPROD-0023,10.11.170.143,Workstation,Windows 11,MOVEit Transfer,CVE-2023-34362,A SQL injection vulnerability in MOVEit Transfer allows unauthenticated remote code execution.,Closed,Critical,2025-11-11,2025-11-28,9.8,3.1,CVSS:3.1/AV:N/AC:L/PR:N/UI:N/S:U/C:H/I:H/A:H,https://vendor-advisories.example.com/CVE-2023-34362,https://nvd.nist.gov/vuln/detail/CVE-2023-34362,Apply vendor patch immediately; isolate host from network if patch unavailable within 24h.,Update MOVEit Transfer to a version above 2023.0.,https://downloads.example.com/moveit-transfer,Payments-Prod,MOVEit Transfer <= 2023.0,Critical,VULN-2347467,Software Vulnerability
PAYMENTSPROD-0023,10.11.170.143,Workstation,Windows 11,Microsoft SharePoint Server,CVE-2023-29357,A privilege escalation vulnerability in SharePoint Server allows an attacker to gain administrator privileges.,Open,Critical,2026-03-21,,9.8,3.1,CVSS:3.1/AV:N/AC:L/PR:N/UI:N/S:U/C:H/I:H/A:H,https://vendor-advisories.example.com/CVE-2023-29357,https://nvd.nist.gov/vuln/detail/CVE-2023-29357,Apply vendor patch immediately; isolate host from network if patch unavailable within 24h.,Update Microsoft SharePoint Server to a version above Subscription Edition.,https://downloads.example.com/microsoft-sharepoint-server,Payments-Prod,Microsoft SharePoint Server <= Subscription Edition,Critical,VULN-9952696,Software Vulnerability
PAYMENTSPROD-0023,10.11.170.143,Workstation,Windows 11,WordPress Backup Migration Plugin,CVE-2023-6553,A remote code execution vulnerability in the Backup Migration WordPress plugin.,Open,High,2026-04-16,,8.8,3.1,CVSS:3.1/AV:N/AC:L/PR:N/UI:N/S:U/C:H/I:H/A:H,https://vendor-advisories.example.com/CVE-2023-6553,https://nvd.nist.gov/vuln/detail/CVE-2023-6553,Schedule patch within next maintenance window; apply compensating WAF/firewall rule if delayed.,Update WordPress Backup Migration Plugin to a version above 1.3.7.,https://downloads.example.com/wordpress-backup-migration-plugin,Payments-Prod,WordPress Backup Migration Plugin <= 1.3.7,Critical,VULN-9186400,Software Vulnerability
PAYMENTSPROD-0023,10.11.170.143,Workstation,Windows 11,Veeam Backup,CVE-2024-29849,An authentication bypass vulnerability allows unauthorized access to Veeam Backup Enterprise Manager.,Reopened,High,2026-07-08,2026-07-28,8.1,3.1,CVSS:3.1/AV:N/AC:L/PR:N/UI:N/S:U/C:H/I:N/A:N,https://vendor-advisories.example.com/CVE-2024-29849,https://nvd.nist.gov/vuln/detail/CVE-2024-29849,Schedule patch within next maintenance window; apply compensating WAF/firewall rule if delayed.,Update Veeam Backup to a version above 12.1.,https://downloads.example.com/veeam-backup,Payments-Prod,Veeam Backup <= 12.1,Critical,VULN-5821419,Software Vulnerability
PAYMENTSPROD-0023,10.11.170.143,Workstation,Windows 11,OpenSSH,CVE-2024-6387,A signal handler race condition in OpenSSH server allows unauthenticated remote code execution.,Open,Critical,2026-01-28,,9.8,3.1,CVSS:3.1/AV:N/AC:H/PR:N/UI:N/S:U/C:H/I:H/A:H,https://vendor-advisories.example.com/CVE-2024-6387,https://nvd.nist.gov/vuln/detail/CVE-2024-6387,Apply vendor patch immediately; isolate host from network if patch unavailable within 24h.,Update OpenSSH to a version above 8.9p1.,https://downloads.example.com/openssh,Payments-Prod,OpenSSH <= 8.9p1,Critical,VULN-8280833,Software Vulnerability
PAYMENTSPROD-0023,10.11.170.143,Workstation,Windows 11,Windows Hyper-V,CVE-2024-38080,A privilege escalation vulnerability in Windows Hyper-V allows an attacker to gain SYSTEM privileges.,Open,Critical,2025-11-23,,7.8,3.1,CVSS:3.1/AV:L/AC:L/PR:L/UI:N/S:U/C:H/I:H/A:H,https://vendor-advisories.example.com/CVE-2024-38080,https://nvd.nist.gov/vuln/detail/CVE-2024-38080,Apply vendor patch immediately; isolate host from network if patch unavailable within 24h.,Update Windows Hyper-V to a version above Windows Server 2022.,https://downloads.example.com/windows-hyper-v,Payments-Prod,Windows Hyper-V <= Windows Server 2022,Critical,VULN-2686231,Software Vulnerability
PAYMENTSPROD-0024,10.10.28.77,Server,RHEL 9,FortiOS,CVE-2024-21762,An out-of-bounds write vulnerability in FortiOS SSL-VPN allows unauthenticated RCE.,Open,Critical,2026-07-20,,9.8,3.1,CVSS:3.1/AV:N/AC:L/PR:N/UI:N/S:U/C:H/I:H/A:H,https://vendor-advisories.example.com/CVE-2024-21762,https://nvd.nist.gov/vuln/detail/CVE-2024-21762,Apply vendor patch immediately; isolate host from network if patch unavailable within 24h.,Update FortiOS to a version above 7.4.,https://downloads.example.com/fortios,Payments-Prod,FortiOS <= 7.4,Critical,VULN-4020853,Software Vulnerability
PAYMENTSPROD-0024,10.10.28.77,Server,RHEL 9,Veeam Backup,CVE-2024-29849,An authentication bypass vulnerability allows unauthorized access to Veeam Backup Enterprise Manager.,Closed,High,2025-12-30,2026-01-11,8.1,3.1,CVSS:3.1/AV:N/AC:L/PR:N/UI:N/S:U/C:H/I:N/A:N,https://vendor-advisories.example.com/CVE-2024-29849,https://nvd.nist.gov/vuln/detail/CVE-2024-29849,Schedule patch within next maintenance window; apply compensating WAF/firewall rule if delayed.,Update Veeam Backup to a version above 12.1.,https://downloads.example.com/veeam-backup,Payments-Prod,Veeam Backup <= 12.1,Critical,VULN-9349470,Software Vulnerability
PAYMENTSPROD-0024,10.10.28.77,Server,RHEL 9,JetBrains TeamCity,CVE-2024-27198,An authentication bypass vulnerability in TeamCity allows unauthorized administrative access.,Closed,Critical,2025-12-16,2025-12-23,9.8,3.1,CVSS:3.1/AV:N/AC:L/PR:N/UI:N/S:U/C:H/I:H/A:H,https://vendor-advisories.example.com/CVE-2024-27198,https://nvd.nist.gov/vuln/detail/CVE-2024-27198,Apply vendor patch immediately; isolate host from network if patch unavailable within 24h.,Update JetBrains TeamCity to a version above 2023.11.,https://downloads.example.com/jetbrains-teamcity,Payments-Prod,JetBrains TeamCity <= 2023.11,Critical,VULN-8710313,Software Vulnerability
PAYMENTSPROD-0024,10.10.28.77,Server,RHEL 9,Jenkins,CVE-2024-23897,An arbitrary file read vulnerability in Jenkins' CLI command parser can lead to RCE.,Open,Critical,2026-02-11,,9.8,3.1,CVSS:3.1/AV:N/AC:L/PR:N/UI:N/S:U/C:H/I:H/A:H,https://vendor-advisories.example.com/CVE-2024-23897,https://nvd.nist.gov/vuln/detail/CVE-2024-23897,Apply vendor patch immediately; isolate host from network if patch unavailable within 24h.,Update Jenkins to a version above 2.441.,https://downloads.example.com/jenkins,Payments-Prod,Jenkins <= 2.441,Critical,VULN-8805654,Software Vulnerability
PAYMENTSPROD-0024,10.10.28.77,Server,RHEL 9,VMware Aria Operations,CVE-2023-20887,A command injection vulnerability allows remote code execution on the appliance.,Open,High,2026-02-28,,8.6,3.1,CVSS:3.1/AV:N/AC:L/PR:H/UI:N/S:U/C:H/I:H/A:H,https://vendor-advisories.example.com/CVE-2023-20887,https://nvd.nist.gov/vuln/detail/CVE-2023-20887,Schedule patch within next maintenance window; apply compensating WAF/firewall rule if delayed.,Update VMware Aria Operations to a version above 8.10.,https://downloads.example.com/vmware-aria-operations,Payments-Prod,VMware Aria Operations <= 8.10,Critical,VULN-3650391,Software Vulnerability
PAYMENTSPROD-0024,10.10.28.77,Server,RHEL 9,Microsoft SharePoint Server,CVE-2023-29357,A privilege escalation vulnerability in SharePoint Server allows an attacker to gain administrator privileges.,Closed,Critical,2025-11-10,2025-11-16,9.8,3.1,CVSS:3.1/AV:N/AC:L/PR:N/UI:N/S:U/C:H/I:H/A:H,https://vendor-advisories.example.com/CVE-2023-29357,https://nvd.nist.gov/vuln/detail/CVE-2023-29357,Apply vendor patch immediately; isolate host from network if patch unavailable within 24h.,Update Microsoft SharePoint Server to a version above Subscription Edition.,https://downloads.example.com/microsoft-sharepoint-server,Payments-Prod,Microsoft SharePoint Server <= Subscription Edition,Critical,VULN-8118722,Software Vulnerability
PAYMENTSPROD-0025,10.12.247.29,Server,Windows Server 2019,Apache ActiveMQ,CVE-2023-46604,A deserialization vulnerability in ActiveMQ's OpenWire protocol allows remote code execution.,Closed,Critical,2026-03-04,2026-03-22,9.8,3.1,CVSS:3.1/AV:N/AC:L/PR:N/UI:N/S:U/C:H/I:H/A:H,https://vendor-advisories.example.com/CVE-2023-46604,https://nvd.nist.gov/vuln/detail/CVE-2023-46604,Apply vendor patch immediately; isolate host from network if patch unavailable within 24h.,Update Apache ActiveMQ to a version above 5.18.,https://downloads.example.com/apache-activemq,Payments-Prod,Apache ActiveMQ <= 5.18,High,VULN-7640518,Software Vulnerability
PAYMENTSPROD-0025,10.12.247.29,Server,Windows Server 2019,MOVEit Transfer,CVE-2023-34362,A SQL injection vulnerability in MOVEit Transfer allows unauthenticated remote code execution.,Closed,Critical,2026-02-21,2026-03-12,9.8,3.1,CVSS:3.1/AV:N/AC:L/PR:N/UI:N/S:U/C:H/I:H/A:H,https://vendor-advisories.example.com/CVE-2023-34362,https://nvd.nist.gov/vuln/detail/CVE-2023-34362,Apply vendor patch immediately; isolate host from network if patch unavailable within 24h.,Update MOVEit Transfer to a version above 2023.0.,https://downloads.example.com/moveit-transfer,Payments-Prod,MOVEit Transfer <= 2023.0,High,VULN-9333700,Software Vulnerability
PAYMENTSPROD-0025,10.12.247.29,Server,Windows Server 2019,FortiOS,CVE-2024-21762,An out-of-bounds write vulnerability in FortiOS SSL-VPN allows unauthenticated RCE.,Open,Critical,2026-02-27,,9.8,3.1,CVSS:3.1/AV:N/AC:L/PR:N/UI:N/S:U/C:H/I:H/A:H,https://vendor-advisories.example.com/CVE-2024-21762,https://nvd.nist.gov/vuln/detail/CVE-2024-21762,Apply vendor patch immediately; isolate host from network if patch unavailable within 24h.,Update FortiOS to a version above 7.4.,https://downloads.example.com/fortios,Payments-Prod,FortiOS <= 7.4,High,VULN-4860745,Software Vulnerability
PAYMENTSPROD-0025,10.12.247.29,Server,Windows Server 2019,PAN-OS,CVE-2024-3400,A command injection vulnerability in PAN-OS GlobalProtect allows unauthenticated RCE.,Closed,Critical,2026-04-02,2026-04-04,10.0,3.1,CVSS:3.1/AV:N/AC:L/PR:N/UI:N/S:C/C:H/I:H/A:H,https://vendor-advisories.example.com/CVE-2024-3400,https://nvd.nist.gov/vuln/detail/CVE-2024-3400,Apply vendor patch immediately; isolate host from network if patch unavailable within 24h.,Update PAN-OS to a version above 11.1.,https://downloads.example.com/pan-os,Payments-Prod,PAN-OS <= 11.1,High,VULN-5204819,Software Vulnerability
PAYMENTSPROD-0026,10.28.20.81,Server,RHEL 8,Microsoft Office,CVE-2023-36884,A vulnerability in Microsoft Office allows remote code execution via a crafted document.,Open,High,2026-07-07,,7.8,3.1,CVSS:3.1/AV:N/AC:H/PR:N/UI:R/S:U/C:H/I:H/A:H,https://vendor-advisories.example.com/CVE-2023-36884,https://nvd.nist.gov/vuln/detail/CVE-2023-36884,Schedule patch within next maintenance window; apply compensating WAF/firewall rule if delayed.,Update Microsoft Office to a version above 2021.,https://downloads.example.com/microsoft-office,Payments-Prod,Microsoft Office <= 2021,Critical,VULN-7138070,Software Vulnerability
PAYMENTSPROD-0026,10.28.20.81,Server,RHEL 8,OpenSSH,CVE-2024-6387,A signal handler race condition in OpenSSH server allows unauthenticated remote code execution.,Closed,Critical,2026-07-02,2026-07-12,9.8,3.1,CVSS:3.1/AV:N/AC:H/PR:N/UI:N/S:U/C:H/I:H/A:H,https://vendor-advisories.example.com/CVE-2024-6387,https://nvd.nist.gov/vuln/detail/CVE-2024-6387,Apply vendor patch immediately; isolate host from network if patch unavailable within 24h.,Update OpenSSH to a version above 8.9p1.,https://downloads.example.com/openssh,Payments-Prod,OpenSSH <= 8.9p1,Critical,VULN-9084065,Software Vulnerability
PAYMENTSPROD-0026,10.28.20.81,Server,RHEL 8,MOVEit Transfer,CVE-2023-34362,A SQL injection vulnerability in MOVEit Transfer allows unauthenticated remote code execution.,Open,Critical,2026-03-04,,9.8,3.1,CVSS:3.1/AV:N/AC:L/PR:N/UI:N/S:U/C:H/I:H/A:H,https://vendor-advisories.example.com/CVE-2023-34362,https://nvd.nist.gov/vuln/detail/CVE-2023-34362,Apply vendor patch immediately; isolate host from network if patch unavailable within 24h.,Update MOVEit Transfer to a version above 2023.0.,https://downloads.example.com/moveit-transfer,Payments-Prod,MOVEit Transfer <= 2023.0,Critical,VULN-6682698,Software Vulnerability
PAYMENTSPROD-0026,10.28.20.81,Server,RHEL 8,FortiOS,CVE-2024-21762,An out-of-bounds write vulnerability in FortiOS SSL-VPN allows unauthenticated RCE.,Reopened,Critical,2025-12-01,2025-12-16,9.8,3.1,CVSS:3.1/AV:N/AC:L/PR:N/UI:N/S:U/C:H/I:H/A:H,https://vendor-advisories.example.com/CVE-2024-21762,https://nvd.nist.gov/vuln/detail/CVE-2024-21762,Apply vendor patch immediately; isolate host from network if patch unavailable within 24h.,Update FortiOS to a version above 7.4.,https://downloads.example.com/fortios,Payments-Prod,FortiOS <= 7.4,Critical,VULN-4785186,Software Vulnerability
PAYMENTSPROD-0026,10.28.20.81,Server,RHEL 8,WordPress Backup Migration Plugin,CVE-2023-6553,A remote code execution vulnerability in the Backup Migration WordPress plugin.,Open,High,2026-04-25,,8.8,3.1,CVSS:3.1/AV:N/AC:L/PR:N/UI:N/S:U/C:H/I:H/A:H,https://vendor-advisories.example.com/CVE-2023-6553,https://nvd.nist.gov/vuln/detail/CVE-2023-6553,Schedule patch within next maintenance window; apply compensating WAF/firewall rule if delayed.,Update WordPress Backup Migration Plugin to a version above 1.3.7.,https://downloads.example.com/wordpress-backup-migration-plugin,Payments-Prod,WordPress Backup Migration Plugin <= 1.3.7,Critical,VULN-7136687,Software Vulnerability
PAYMENTSPROD-0026,10.28.20.81,Server,RHEL 8,JetBrains TeamCity,CVE-2024-27198,An authentication bypass vulnerability in TeamCity allows unauthorized administrative access.,Open,Critical,2025-11-19,,9.8,3.1,CVSS:3.1/AV:N/AC:L/PR:N/UI:N/S:U/C:H/I:H/A:H,https://vendor-advisories.example.com/CVE-2024-27198,https://nvd.nist.gov/vuln/detail/CVE-2024-27198,Apply vendor patch immediately; isolate host from network if patch unavailable within 24h.,Update JetBrains TeamCity to a version above 2023.11.,https://downloads.example.com/jetbrains-teamcity,Payments-Prod,JetBrains TeamCity <= 2023.11,Critical,VULN-1233516,Software Vulnerability
PAYMENTSPROD-0026,10.28.20.81,Server,RHEL 8,nginx,CVE-2023-44487,HTTP/2 Rapid Reset allows a denial-of-service attack against affected servers.,Closed,High,2026-02-16,2026-02-19,7.5,3.1,CVSS:3.1/AV:N/AC:L/PR:N/UI:N/S:U/C:N/I:N/A:H,https://vendor-advisories.example.com/CVE-2023-44487,https://nvd.nist.gov/vuln/detail/CVE-2023-44487,Schedule patch within next maintenance window; apply compensating WAF/firewall rule if delayed.,Update nginx to a version above 1.24.,https://downloads.example.com/nginx,Payments-Prod,nginx <= 1.24,Critical,VULN-7392547,Software Vulnerability
PAYMENTSPROD-0026,10.28.20.81,Server,RHEL 8,PAN-OS,CVE-2024-3400,A command injection vulnerability in PAN-OS GlobalProtect allows unauthenticated RCE.,Closed,Critical,2026-04-12,2026-04-26,10.0,3.1,CVSS:3.1/AV:N/AC:L/PR:N/UI:N/S:C/C:H/I:H/A:H,https://vendor-advisories.example.com/CVE-2024-3400,https://nvd.nist.gov/vuln/detail/CVE-2024-3400,Apply vendor patch immediately; isolate host from network if patch unavailable within 24h.,Update PAN-OS to a version above 11.1.,https://downloads.example.com/pan-os,Payments-Prod,PAN-OS <= 11.1,Critical,VULN-1419843,Software Vulnerability
PAYMENTSPROD-0026,10.28.20.81,Server,RHEL 8,Atlassian Confluence,CVE-2023-22515,A broken access control vulnerability allows creation of unauthorized administrator accounts.,Closed,Critical,2026-07-18,2026-07-21,9.1,3.1,CVSS:3.1/AV:N/AC:L/PR:N/UI:N/S:U/C:N/I:H/A:N,https://vendor-advisories.example.com/CVE-2023-22515,https://nvd.nist.gov/vuln/detail/CVE-2023-22515,Apply vendor patch immediately; isolate host from network if patch unavailable within 24h.,Update Atlassian Confluence to a version above 8.5.,https://downloads.example.com/atlassian-confluence,Payments-Prod,Atlassian Confluence <= 8.5,Critical,VULN-8789116,Software Vulnerability
PAYMENTSPROD-0026,10.28.20.81,Server,RHEL 8,Veeam Backup,CVE-2024-29849,An authentication bypass vulnerability allows unauthorized access to Veeam Backup Enterprise Manager.,Open,High,2026-03-07,,8.1,3.1,CVSS:3.1/AV:N/AC:L/PR:N/UI:N/S:U/C:H/I:N/A:N,https://vendor-advisories.example.com/CVE-2024-29849,https://nvd.nist.gov/vuln/detail/CVE-2024-29849,Schedule patch within next maintenance window; apply compensating WAF/firewall rule if delayed.,Update Veeam Backup to a version above 12.1.,https://downloads.example.com/veeam-backup,Payments-Prod,Veeam Backup <= 12.1,Critical,VULN-2957497,Software Vulnerability
PAYMENTSPROD-0026,10.28.20.81,Server,RHEL 8,curl,CVE-2023-38545,A heap buffer overflow in curl's SOCKS5 proxy handling can lead to a crash or code execution.,Reopened,High,2025-12-14,2025-12-24,7.5,3.1,CVSS:3.1/AV:N/AC:H/PR:N/UI:N/S:U/C:H/I:H/A:H,https://vendor-advisories.example.com/CVE-2023-38545,https://nvd.nist.gov/vuln/detail/CVE-2023-38545,Schedule patch within next maintenance window; apply compensating WAF/firewall rule if delayed.,Update curl to a version above 8.3.0.,https://downloads.example.com/curl,Payments-Prod,curl <= 8.3.0,Critical,VULN-9264869,Software Vulnerability
PAYMENTSPROD-0026,10.28.20.81,Server,RHEL 8,ConnectWise ScreenConnect,CVE-2024-1709,An authentication bypass in ScreenConnect allows an attacker to create an administrative account.,Closed,Critical,2025-12-02,2025-12-16,10.0,3.1,CVSS:3.1/AV:N/AC:L/PR:N/UI:N/S:U/C:H/I:H/A:H,https://vendor-advisories.example.com/CVE-2024-1709,https://nvd.nist.gov/vuln/detail/CVE-2024-1709,Apply vendor patch immediately; isolate host from network if patch unavailable within 24h.,Update ConnectWise ScreenConnect to a version above 23.9.,https://downloads.example.com/connectwise-screenconnect,Payments-Prod,ConnectWise ScreenConnect <= 23.9,Critical,VULN-8031780,Software Vulnerability
PAYMENTSPROD-0026,10.28.20.81,Server,RHEL 8,Microsoft Edge,CVE-2024-38178,A memory corruption vulnerability in the Scripting Engine allows remote code execution.,Open,High,2025-12-22,,7.5,3.1,CVSS:3.1/AV:N/AC:H/PR:N/UI:R/S:U/C:H/I:H/A:H,https://vendor-advisories.example.com/CVE-2024-38178,https://nvd.nist.gov/vuln/detail/CVE-2024-38178,Schedule patch within next maintenance window; apply compensating WAF/firewall rule if delayed.,Update Microsoft Edge to a version above Chromium-based.,https://downloads.example.com/microsoft-edge,Payments-Prod,Microsoft Edge <= Chromium-based,Critical,VULN-2661307,Software Vulnerability
PAYMENTSPROD-0027,10.30.143.10,Workstation,macOS 14,FortiOS,CVE-2024-21762,An out-of-bounds write vulnerability in FortiOS SSL-VPN allows unauthenticated RCE.,Closed,Critical,2026-04-25,2026-05-03,9.8,3.1,CVSS:3.1/AV:N/AC:L/PR:N/UI:N/S:U/C:H/I:H/A:H,https://vendor-advisories.example.com/CVE-2024-21762,https://nvd.nist.gov/vuln/detail/CVE-2024-21762,Apply vendor patch immediately; isolate host from network if patch unavailable within 24h.,Update FortiOS to a version above 7.4.,https://downloads.example.com/fortios,Payments-Prod,FortiOS <= 7.4,Critical,VULN-8628891,Software Vulnerability
PAYMENTSPROD-0027,10.30.143.10,Workstation,macOS 14,ConnectWise ScreenConnect,CVE-2024-1709,An authentication bypass in ScreenConnect allows an attacker to create an administrative account.,Open,Critical,2025-11-19,,10.0,3.1,CVSS:3.1/AV:N/AC:L/PR:N/UI:N/S:U/C:H/I:H/A:H,https://vendor-advisories.example.com/CVE-2024-1709,https://nvd.nist.gov/vuln/detail/CVE-2024-1709,Apply vendor patch immediately; isolate host from network if patch unavailable within 24h.,Update ConnectWise ScreenConnect to a version above 23.9.,https://downloads.example.com/connectwise-screenconnect,Payments-Prod,ConnectWise ScreenConnect <= 23.9,Critical,VULN-1358318,Software Vulnerability
PAYMENTSPROD-0027,10.30.143.10,Workstation,macOS 14,Microsoft Office,CVE-2023-36884,A vulnerability in Microsoft Office allows remote code execution via a crafted document.,Open,High,2025-10-29,,7.8,3.1,CVSS:3.1/AV:N/AC:H/PR:N/UI:R/S:U/C:H/I:H/A:H,https://vendor-advisories.example.com/CVE-2023-36884,https://nvd.nist.gov/vuln/detail/CVE-2023-36884,Schedule patch within next maintenance window; apply compensating WAF/firewall rule if delayed.,Update Microsoft Office to a version above 2021.,https://downloads.example.com/microsoft-office,Payments-Prod,Microsoft Office <= 2021,Critical,VULN-5086407,Software Vulnerability
PAYMENTSPROD-0027,10.30.143.10,Workstation,macOS 14,Windows Common Log File System Driver,CVE-2024-49138,A privilege escalation vulnerability allows an attacker to gain SYSTEM privileges.,Open,High,2025-12-07,,7.8,3.1,CVSS:3.1/AV:L/AC:L/PR:L/UI:N/S:U/C:H/I:H/A:H,https://vendor-advisories.example.com/CVE-2024-49138,https://nvd.nist.gov/vuln/detail/CVE-2024-49138,Schedule patch within next maintenance window; apply compensating WAF/firewall rule if delayed.,Update Windows Common Log File System Driver to a version above Windows Server 2019.,https://downloads.example.com/windows-common-log-file-system-driver,Payments-Prod,Windows Common Log File System Driver <= Windows Server 2019,Critical,VULN-4442778,Software Vulnerability
PAYMENTSPROD-0027,10.30.143.10,Workstation,macOS 14,Jenkins,CVE-2024-23897,An arbitrary file read vulnerability in Jenkins' CLI command parser can lead to RCE.,Open,Critical,2025-11-08,,9.8,3.1,CVSS:3.1/AV:N/AC:L/PR:N/UI:N/S:U/C:H/I:H/A:H,https://vendor-advisories.example.com/CVE-2024-23897,https://nvd.nist.gov/vuln/detail/CVE-2024-23897,Apply vendor patch immediately; isolate host from network if patch unavailable within 24h.,Update Jenkins to a version above 2.441.,https://downloads.example.com/jenkins,Payments-Prod,Jenkins <= 2.441,Critical,VULN-4475523,Software Vulnerability
PAYMENTSPROD-0027,10.30.143.10,Workstation,macOS 14,Microsoft Exchange Server,CVE-2024-49040,A spoofing vulnerability in Microsoft Exchange Server allows message header manipulation.,Open,Medium,2026-01-22,,6.5,3.1,CVSS:3.1/AV:N/AC:L/PR:N/UI:N/S:U/C:N/I:L/A:N,https://vendor-advisories.example.com/CVE-2024-49040,https://nvd.nist.gov/vuln/detail/CVE-2024-49040,Include in next scheduled patch cycle.,Update Microsoft Exchange Server to a version above 2019.,https://downloads.example.com/microsoft-exchange-server,Payments-Prod,Microsoft Exchange Server <= 2019,Critical,VULN-4909069,Software Vulnerability
PAYMENTSPROD-0027,10.30.143.10,Workstation,macOS 14,Microsoft Outlook,CVE-2024-21413,A vulnerability in Microsoft Outlook allows remote code execution via a crafted email.,Open,Critical,2026-03-21,,9.8,3.1,CVSS:3.1/AV:N/AC:L/PR:N/UI:R/S:C/C:H/I:H/A:H,https://vendor-advisories.example.com/CVE-2024-21413,https://nvd.nist.gov/vuln/detail/CVE-2024-21413,Apply vendor patch immediately; isolate host from network if patch unavailable within 24h.,Update Microsoft Outlook to a version above 2021.,https://downloads.example.com/microsoft-outlook,Payments-Prod,Microsoft Outlook <= 2021,Critical,VULN-1047572,Software Vulnerability
PAYMENTSPROD-0027,10.30.143.10,Workstation,macOS 14,Apache Log4j,CVE-2021-44228,Log4Shell — a JNDI injection vulnerability allows unauthenticated remote code execution.,Open,Critical,2026-02-22,,10.0,3.1,CVSS:3.1/AV:N/AC:L/PR:N/UI:N/S:C/C:H/I:H/A:H,https://vendor-advisories.example.com/CVE-2021-44228,https://nvd.nist.gov/vuln/detail/CVE-2021-44228,Apply vendor patch immediately; isolate host from network if patch unavailable within 24h.,Update Apache Log4j to a version above 2.14.1.,https://downloads.example.com/apache-log4j,Payments-Prod,Apache Log4j <= 2.14.1,Critical,VULN-3427461,Software Vulnerability
PAYMENTSPROD-0027,10.30.143.10,Workstation,macOS 14,Microsoft Edge,CVE-2024-38178,A memory corruption vulnerability in the Scripting Engine allows remote code execution.,Closed,High,2025-12-09,2026-01-02,7.5,3.1,CVSS:3.1/AV:N/AC:H/PR:N/UI:R/S:U/C:H/I:H/A:H,https://vendor-advisories.example.com/CVE-2024-38178,https://nvd.nist.gov/vuln/detail/CVE-2024-38178,Schedule patch within next maintenance window; apply compensating WAF/firewall rule if delayed.,Update Microsoft Edge to a version above Chromium-based.,https://downloads.example.com/microsoft-edge,Payments-Prod,Microsoft Edge <= Chromium-based,Critical,VULN-3211291,Software Vulnerability
PAYMENTSPROD-0027,10.30.143.10,Workstation,macOS 14,MySQL,CVE-2024-6670,An authentication vulnerability in MySQL allows unauthorized password reset.,Closed,High,2025-10-11,2025-10-27,8.1,3.1,CVSS:3.1/AV:N/AC:L/PR:N/UI:N/S:U/C:H/I:N/A:N,https://vendor-advisories.example.com/CVE-2024-6670,https://nvd.nist.gov/vuln/detail/CVE-2024-6670,Schedule patch within next maintenance window; apply compensating WAF/firewall rule if delayed.,Update MySQL to a version above 8.0.35.,https://downloads.example.com/mysql,Payments-Prod,MySQL <= 8.0.35,Critical,VULN-6431983,Software Vulnerability
PAYMENTSPROD-0027,10.30.143.10,Workstation,macOS 14,Windows TCP/IP Stack,CVE-2024-38063,An integer underflow in the Windows TCP/IP stack allows unauthenticated remote code execution.,Closed,Critical,2025-10-12,2025-11-02,9.8,3.1,CVSS:3.1/AV:N/AC:H/PR:N/UI:N/S:U/C:H/I:H/A:H,https://vendor-advisories.example.com/CVE-2024-38063,https://nvd.nist.gov/vuln/detail/CVE-2024-38063,Apply vendor patch immediately; isolate host from network if patch unavailable within 24h.,Update Windows TCP/IP Stack to a version above Windows Server 2022.,https://downloads.example.com/windows-tcp/ip-stack,Payments-Prod,Windows TCP/IP Stack <= Windows Server 2022,Critical,VULN-2066326,Software Vulnerability
PAYMENTSPROD-0027,10.30.143.10,Workstation,macOS 14,OpenSSH,CVE-2024-6387,A signal handler race condition in OpenSSH server allows unauthenticated remote code execution.,Closed,Critical,2026-06-04,2026-06-18,9.8,3.1,CVSS:3.1/AV:N/AC:H/PR:N/UI:N/S:U/C:H/I:H/A:H,https://vendor-advisories.example.com/CVE-2024-6387,https://nvd.nist.gov/vuln/detail/CVE-2024-6387,Apply vendor patch immediately; isolate host from network if patch unavailable within 24h.,Update OpenSSH to a version above 8.9p1.,https://downloads.example.com/openssh,Payments-Prod,OpenSSH <= 8.9p1,Critical,VULN-2829622,Software Vulnerability
PAYMENTSPROD-0028,10.23.154.119,Server,RHEL 8,xz-utils,CVE-2024-3094,A backdoor was discovered in xz-utils that allows remote code execution via SSH.,Open,Critical,2026-03-17,,10.0,3.1,CVSS:3.1/AV:N/AC:L/PR:N/UI:N/S:C/C:H/I:H/A:H,https://vendor-advisories.example.com/CVE-2024-3094,https://nvd.nist.gov/vuln/detail/CVE-2024-3094,Apply vendor patch immediately; isolate host from network if patch unavailable within 24h.,Update xz-utils to a version above 5.6.0.,https://downloads.example.com/xz-utils,Payments-Prod,xz-utils <= 5.6.0,Critical,VULN-2101965,Software Vulnerability
PAYMENTSPROD-0028,10.23.154.119,Server,RHEL 8,OpenSSH,CVE-2024-6387,A signal handler race condition in OpenSSH server allows unauthenticated remote code execution.,Closed,Critical,2025-12-07,2025-12-12,9.8,3.1,CVSS:3.1/AV:N/AC:H/PR:N/UI:N/S:U/C:H/I:H/A:H,https://vendor-advisories.example.com/CVE-2024-6387,https://nvd.nist.gov/vuln/detail/CVE-2024-6387,Apply vendor patch immediately; isolate host from network if patch unavailable within 24h.,Update OpenSSH to a version above 8.9p1.,https://downloads.example.com/openssh,Payments-Prod,OpenSSH <= 8.9p1,Critical,VULN-9901266,Software Vulnerability
PAYMENTSPROD-0028,10.23.154.119,Server,RHEL 8,PHP,CVE-2024-4577,A CGI argument injection vulnerability in PHP on Windows allows remote code execution.,Closed,Critical,2026-03-03,2026-03-07,9.8,3.1,CVSS:3.1/AV:N/AC:L/PR:N/UI:N/S:U/C:H/I:H/A:H,https://vendor-advisories.example.com/CVE-2024-4577,https://nvd.nist.gov/vuln/detail/CVE-2024-4577,Apply vendor patch immediately; isolate host from network if patch unavailable within 24h.,Update PHP to a version above 8.1.,https://downloads.example.com/php,Payments-Prod,PHP <= 8.1,Critical,VULN-2663938,Software Vulnerability
PAYMENTSPROD-0028,10.23.154.119,Server,RHEL 8,Apache ActiveMQ,CVE-2023-46604,A deserialization vulnerability in ActiveMQ's OpenWire protocol allows remote code execution.,Open,Critical,2025-12-01,,9.8,3.1,CVSS:3.1/AV:N/AC:L/PR:N/UI:N/S:U/C:H/I:H/A:H,https://vendor-advisories.example.com/CVE-2023-46604,https://nvd.nist.gov/vuln/detail/CVE-2023-46604,Apply vendor patch immediately; isolate host from network if patch unavailable within 24h.,Update Apache ActiveMQ to a version above 5.18.,https://downloads.example.com/apache-activemq,Payments-Prod,Apache ActiveMQ <= 5.18,Critical,VULN-4607488,Software Vulnerability
PAYMENTSPROD-0028,10.23.154.119,Server,RHEL 8,Veeam Backup,CVE-2024-29849,An authentication bypass vulnerability allows unauthorized access to Veeam Backup Enterprise Manager.,Closed,High,2026-05-12,2026-06-05,8.1,3.1,CVSS:3.1/AV:N/AC:L/PR:N/UI:N/S:U/C:H/I:N/A:N,https://vendor-advisories.example.com/CVE-2024-29849,https://nvd.nist.gov/vuln/detail/CVE-2024-29849,Schedule patch within next maintenance window; apply compensating WAF/firewall rule if delayed.,Update Veeam Backup to a version above 12.1.,https://downloads.example.com/veeam-backup,Payments-Prod,Veeam Backup <= 12.1,Critical,VULN-7979148,Software Vulnerability
PAYMENTSPROD-0028,10.23.154.119,Server,RHEL 8,Apache Log4j,CVE-2021-44228,Log4Shell — a JNDI injection vulnerability allows unauthenticated remote code execution.,Closed,Critical,2025-11-21,2025-12-08,10.0,3.1,CVSS:3.1/AV:N/AC:L/PR:N/UI:N/S:C/C:H/I:H/A:H,https://vendor-advisories.example.com/CVE-2021-44228,https://nvd.nist.gov/vuln/detail/CVE-2021-44228,Apply vendor patch immediately; isolate host from network if patch unavailable within 24h.,Update Apache Log4j to a version above 2.14.1.,https://downloads.example.com/apache-log4j,Payments-Prod,Apache Log4j <= 2.14.1,Critical,VULN-5276341,Software Vulnerability
PAYMENTSPROD-0028,10.23.154.119,Server,RHEL 8,Microsoft Outlook,CVE-2024-21413,A vulnerability in Microsoft Outlook allows remote code execution via a crafted email.,Open,Critical,2026-04-13,,9.8,3.1,CVSS:3.1/AV:N/AC:L/PR:N/UI:R/S:C/C:H/I:H/A:H,https://vendor-advisories.example.com/CVE-2024-21413,https://nvd.nist.gov/vuln/detail/CVE-2024-21413,Apply vendor patch immediately; isolate host from network if patch unavailable within 24h.,Update Microsoft Outlook to a version above 2021.,https://downloads.example.com/microsoft-outlook,Payments-Prod,Microsoft Outlook <= 2021,Critical,VULN-8956894,Software Vulnerability
PAYMENTSPROD-0028,10.23.154.119,Server,RHEL 8,Windows Common Log File System Driver,CVE-2024-49138,A privilege escalation vulnerability allows an attacker to gain SYSTEM privileges.,Closed,High,2025-11-07,2025-12-11,7.8,3.1,CVSS:3.1/AV:L/AC:L/PR:L/UI:N/S:U/C:H/I:H/A:H,https://vendor-advisories.example.com/CVE-2024-49138,https://nvd.nist.gov/vuln/detail/CVE-2024-49138,Schedule patch within next maintenance window; apply compensating WAF/firewall rule if delayed.,Update Windows Common Log File System Driver to a version above Windows Server 2019.,https://downloads.example.com/windows-common-log-file-system-driver,Payments-Prod,Windows Common Log File System Driver <= Windows Server 2019,Critical,VULN-7251976,Software Vulnerability
PAYMENTSPROD-0028,10.23.154.119,Server,RHEL 8,Microsoft Office,CVE-2023-36884,A vulnerability in Microsoft Office allows remote code execution via a crafted document.,Closed,High,2025-12-09,2026-01-07,7.8,3.1,CVSS:3.1/AV:N/AC:H/PR:N/UI:R/S:U/C:H/I:H/A:H,https://vendor-advisories.example.com/CVE-2023-36884,https://nvd.nist.gov/vuln/detail/CVE-2023-36884,Schedule patch within next maintenance window; apply compensating WAF/firewall rule if delayed.,Update Microsoft Office to a version above 2021.,https://downloads.example.com/microsoft-office,Payments-Prod,Microsoft Office <= 2021,Critical,VULN-6530541,Software Vulnerability
PAYMENTSPROD-0028,10.23.154.119,Server,RHEL 8,nginx,CVE-2023-44487,HTTP/2 Rapid Reset allows a denial-of-service attack against affected servers.,Closed,High,2025-12-05,2026-01-19,7.5,3.1,CVSS:3.1/AV:N/AC:L/PR:N/UI:N/S:U/C:N/I:N/A:H,https://vendor-advisories.example.com/CVE-2023-44487,https://nvd.nist.gov/vuln/detail/CVE-2023-44487,Schedule patch within next maintenance window; apply compensating WAF/firewall rule if delayed.,Update nginx to a version above 1.24.,https://downloads.example.com/nginx,Payments-Prod,nginx <= 1.24,Critical,VULN-1863121,Software Vulnerability
PAYMENTSPROD-0028,10.23.154.119,Server,RHEL 8,Spring Framework,CVE-2022-22965,Spring4Shell — a remote code execution vulnerability in Spring MVC/WebFlux applications.,Open,Critical,2026-02-28,,9.8,3.1,CVSS:3.1/AV:N/AC:L/PR:N/UI:N/S:U/C:H/I:H/A:H,https://vendor-advisories.example.com/CVE-2022-22965,https://nvd.nist.gov/vuln/detail/CVE-2022-22965,Apply vendor patch immediately; isolate host from network if patch unavailable within 24h.,Update Spring Framework to a version above 5.3.17.,https://downloads.example.com/spring-framework,Payments-Prod,Spring Framework <= 5.3.17,Critical,VULN-6899644,Software Vulnerability
PAYMENTSPROD-0029,10.21.246.59,Server,Windows Server 2022,Microsoft Outlook,CVE-2024-21413,A vulnerability in Microsoft Outlook allows remote code execution via a crafted email.,Closed,Critical,2025-10-18,2025-10-19,9.8,3.1,CVSS:3.1/AV:N/AC:L/PR:N/UI:R/S:C/C:H/I:H/A:H,https://vendor-advisories.example.com/CVE-2024-21413,https://nvd.nist.gov/vuln/detail/CVE-2024-21413,Apply vendor patch immediately; isolate host from network if patch unavailable within 24h.,Update Microsoft Outlook to a version above 2021.,https://downloads.example.com/microsoft-outlook,Payments-Prod,Microsoft Outlook <= 2021,Critical,VULN-6183902,Software Vulnerability
PAYMENTSPROD-0029,10.21.246.59,Server,Windows Server 2022,FortiOS,CVE-2024-21762,An out-of-bounds write vulnerability in FortiOS SSL-VPN allows unauthenticated RCE.,Closed,Critical,2026-03-26,2026-04-07,9.8,3.1,CVSS:3.1/AV:N/AC:L/PR:N/UI:N/S:U/C:H/I:H/A:H,https://vendor-advisories.example.com/CVE-2024-21762,https://nvd.nist.gov/vuln/detail/CVE-2024-21762,Apply vendor patch immediately; isolate host from network if patch unavailable within 24h.,Update FortiOS to a version above 7.4.,https://downloads.example.com/fortios,Payments-Prod,FortiOS <= 7.4,Critical,VULN-2167449,Software Vulnerability
PAYMENTSPROD-0029,10.21.246.59,Server,Windows Server 2022,Windows Common Log File System Driver,CVE-2024-49138,A privilege escalation vulnerability allows an attacker to gain SYSTEM privileges.,Open,High,2025-12-15,,7.8,3.1,CVSS:3.1/AV:L/AC:L/PR:L/UI:N/S:U/C:H/I:H/A:H,https://vendor-advisories.example.com/CVE-2024-49138,https://nvd.nist.gov/vuln/detail/CVE-2024-49138,Schedule patch within next maintenance window; apply compensating WAF/firewall rule if delayed.,Update Windows Common Log File System Driver to a version above Windows Server 2019.,https://downloads.example.com/windows-common-log-file-system-driver,Payments-Prod,Windows Common Log File System Driver <= Windows Server 2019,Critical,VULN-1514340,Software Vulnerability
PAYMENTSPROD-0029,10.21.246.59,Server,Windows Server 2022,MySQL,CVE-2024-6670,An authentication vulnerability in MySQL allows unauthorized password reset.,Open,High,2025-11-19,,8.1,3.1,CVSS:3.1/AV:N/AC:L/PR:N/UI:N/S:U/C:H/I:N/A:N,https://vendor-advisories.example.com/CVE-2024-6670,https://nvd.nist.gov/vuln/detail/CVE-2024-6670,Schedule patch within next maintenance window; apply compensating WAF/firewall rule if delayed.,Update MySQL to a version above 8.0.35.,https://downloads.example.com/mysql,Payments-Prod,MySQL <= 8.0.35,Critical,VULN-4609330,Software Vulnerability
PAYMENTSPROD-0029,10.21.246.59,Server,Windows Server 2022,Microsoft SharePoint Server,CVE-2023-29357,A privilege escalation vulnerability in SharePoint Server allows an attacker to gain administrator privileges.,Closed,Critical,2026-04-14,2026-04-28,9.8,3.1,CVSS:3.1/AV:N/AC:L/PR:N/UI:N/S:U/C:H/I:H/A:H,https://vendor-advisories.example.com/CVE-2023-29357,https://nvd.nist.gov/vuln/detail/CVE-2023-29357,Apply vendor patch immediately; isolate host from network if patch unavailable within 24h.,Update Microsoft SharePoint Server to a version above Subscription Edition.,https://downloads.example.com/microsoft-sharepoint-server,Payments-Prod,Microsoft SharePoint Server <= Subscription Edition,Critical,VULN-7208460,Software Vulnerability
PAYMENTSPROD-0029,10.21.246.59,Server,Windows Server 2022,Microsoft Exchange Server,CVE-2024-49040,A spoofing vulnerability in Microsoft Exchange Server allows message header manipulation.,Open,Medium,2026-03-12,,6.5,3.1,CVSS:3.1/AV:N/AC:L/PR:N/UI:N/S:U/C:N/I:L/A:N,https://vendor-advisories.example.com/CVE-2024-49040,https://nvd.nist.gov/vuln/detail/CVE-2024-49040,Include in next scheduled patch cycle.,Update Microsoft Exchange Server to a version above 2019.,https://downloads.example.com/microsoft-exchange-server,Payments-Prod,Microsoft Exchange Server <= 2019,Critical,VULN-2425342,Software Vulnerability
PAYMENTSPROD-0029,10.21.246.59,Server,Windows Server 2022,libwebp,CVE-2023-4863,A heap buffer overflow in libwebp's image decoding can lead to remote code execution.,Reopened,High,2025-10-30,2025-11-21,8.8,3.1,CVSS:3.1/AV:N/AC:L/PR:N/UI:R/S:U/C:H/I:H/A:H,https://vendor-advisories.example.com/CVE-2023-4863,https://nvd.nist.gov/vuln/detail/CVE-2023-4863,Schedule patch within next maintenance window; apply compensating WAF/firewall rule if delayed.,Update libwebp to a version above 1.3.1.,https://downloads.example.com/libwebp,Payments-Prod,libwebp <= 1.3.1,Critical,VULN-8434202,Software Vulnerability
PAYMENTSPROD-0029,10.21.246.59,Server,Windows Server 2022,MOVEit Transfer,CVE-2023-34362,A SQL injection vulnerability in MOVEit Transfer allows unauthenticated remote code execution.,Closed,Critical,2026-05-09,2026-05-18,9.8,3.1,CVSS:3.1/AV:N/AC:L/PR:N/UI:N/S:U/C:H/I:H/A:H,https://vendor-advisories.example.com/CVE-2023-34362,https://nvd.nist.gov/vuln/detail/CVE-2023-34362,Apply vendor patch immediately; isolate host from network if patch unavailable within 24h.,Update MOVEit Transfer to a version above 2023.0.,https://downloads.example.com/moveit-transfer,Payments-Prod,MOVEit Transfer <= 2023.0,Critical,VULN-5582979,Software Vulnerability
PAYMENTSPROD-0029,10.21.246.59,Server,Windows Server 2022,Jenkins,CVE-2024-23897,An arbitrary file read vulnerability in Jenkins' CLI command parser can lead to RCE.,Open,Critical,2026-01-22,,9.8,3.1,CVSS:3.1/AV:N/AC:L/PR:N/UI:N/S:U/C:H/I:H/A:H,https://vendor-advisories.example.com/CVE-2024-23897,https://nvd.nist.gov/vuln/detail/CVE-2024-23897,Apply vendor patch immediately; isolate host from network if patch unavailable within 24h.,Update Jenkins to a version above 2.441.,https://downloads.example.com/jenkins,Payments-Prod,Jenkins <= 2.441,Critical,VULN-2909540,Software Vulnerability
PAYMENTSPROD-0029,10.21.246.59,Server,Windows Server 2022,Veeam Backup,CVE-2024-29849,An authentication bypass vulnerability allows unauthorized access to Veeam Backup Enterprise Manager.,Closed,High,2026-03-29,2026-04-16,8.1,3.1,CVSS:3.1/AV:N/AC:L/PR:N/UI:N/S:U/C:H/I:N/A:N,https://vendor-advisories.example.com/CVE-2024-29849,https://nvd.nist.gov/vuln/detail/CVE-2024-29849,Schedule patch within next maintenance window; apply compensating WAF/firewall rule if delayed.,Update Veeam Backup to a version above 12.1.,https://downloads.example.com/veeam-backup,Payments-Prod,Veeam Backup <= 12.1,Critical,VULN-6174418,Software Vulnerability
PAYMENTSPROD-0029,10.21.246.59,Server,Windows Server 2022,Windows Hyper-V,CVE-2024-38080,A privilege escalation vulnerability in Windows Hyper-V allows an attacker to gain SYSTEM privileges.,Closed,Critical,2025-10-27,2025-11-17,7.8,3.1,CVSS:3.1/AV:L/AC:L/PR:L/UI:N/S:U/C:H/I:H/A:H,https://vendor-advisories.example.com/CVE-2024-38080,https://nvd.nist.gov/vuln/detail/CVE-2024-38080,Apply vendor patch immediately; isolate host from network if patch unavailable within 24h.,Update Windows Hyper-V to a version above Windows Server 2022.,https://downloads.example.com/windows-hyper-v,Payments-Prod,Windows Hyper-V <= Windows Server 2022,Critical,VULN-1919088,Software Vulnerability
PAYMENTSPROD-0029,10.21.246.59,Server,Windows Server 2022,FortiOS SSL-VPN,CVE-2023-27997,A heap buffer overflow in FortiOS SSL-VPN allows unauthenticated remote code execution.,Closed,Critical,2025-10-07,2025-10-29,9.8,3.1,CVSS:3.1/AV:N/AC:L/PR:N/UI:N/S:U/C:H/I:H/A:H,https://vendor-advisories.example.com/CVE-2023-27997,https://nvd.nist.gov/vuln/detail/CVE-2023-27997,Apply vendor patch immediately; isolate host from network if patch unavailable within 24h.,Update FortiOS SSL-VPN to a version above 7.2.,https://downloads.example.com/fortios-ssl-vpn,Payments-Prod,FortiOS SSL-VPN <= 7.2,Critical,VULN-5856117,Software Vulnerability
PAYMENTSPROD-0029,10.21.246.59,Server,Windows Server 2022,xz-utils,CVE-2024-3094,A backdoor was discovered in xz-utils that allows remote code execution via SSH.,Closed,Critical,2026-03-20,2026-03-27,10.0,3.1,CVSS:3.1/AV:N/AC:L/PR:N/UI:N/S:C/C:H/I:H/A:H,https://vendor-advisories.example.com/CVE-2024-3094,https://nvd.nist.gov/vuln/detail/CVE-2024-3094,Apply vendor patch immediately; isolate host from network if patch unavailable within 24h.,Update xz-utils to a version above 5.6.0.,https://downloads.example.com/xz-utils,Payments-Prod,xz-utils <= 5.6.0,Critical,VULN-8225192,Software Vulnerability
PAYMENTSPROD-0029,10.21.246.59,Server,Windows Server 2022,WordPress Backup Migration Plugin,CVE-2023-6553,A remote code execution vulnerability in the Backup Migration WordPress plugin.,Closed,High,2026-01-01,2026-01-13,8.8,3.1,CVSS:3.1/AV:N/AC:L/PR:N/UI:N/S:U/C:H/I:H/A:H,https://vendor-advisories.example.com/CVE-2023-6553,https://nvd.nist.gov/vuln/detail/CVE-2023-6553,Schedule patch within next maintenance window; apply compensating WAF/firewall rule if delayed.,Update WordPress Backup Migration Plugin to a version above 1.3.7.,https://downloads.example.com/wordpress-backup-migration-plugin,Payments-Prod,WordPress Backup Migration Plugin <= 1.3.7,Critical,VULN-6941939,Software Vulnerability
PAYMENTSPROD-0030,10.14.39.222,Server,Ubuntu 22.04,MOVEit Transfer,CVE-2023-34362,A SQL injection vulnerability in MOVEit Transfer allows unauthenticated remote code execution.,Closed,Critical,2026-05-05,2026-05-15,9.8,3.1,CVSS:3.1/AV:N/AC:L/PR:N/UI:N/S:U/C:H/I:H/A:H,https://vendor-advisories.example.com/CVE-2023-34362,https://nvd.nist.gov/vuln/detail/CVE-2023-34362,Apply vendor patch immediately; isolate host from network if patch unavailable within 24h.,Update MOVEit Transfer to a version above 2023.0.,https://downloads.example.com/moveit-transfer,Payments-Prod,MOVEit Transfer <= 2023.0,Critical,VULN-6448705,Software Vulnerability
PAYMENTSPROD-0030,10.14.39.222,Server,Ubuntu 22.04,Veeam Backup,CVE-2024-29849,An authentication bypass vulnerability allows unauthorized access to Veeam Backup Enterprise Manager.,Open,High,2025-12-30,,8.1,3.1,CVSS:3.1/AV:N/AC:L/PR:N/UI:N/S:U/C:H/I:N/A:N,https://vendor-advisories.example.com/CVE-2024-29849,https://nvd.nist.gov/vuln/detail/CVE-2024-29849,Schedule patch within next maintenance window; apply compensating WAF/firewall rule if delayed.,Update Veeam Backup to a version above 12.1.,https://downloads.example.com/veeam-backup,Payments-Prod,Veeam Backup <= 12.1,Critical,VULN-8719145,Software Vulnerability
PAYMENTSPROD-0030,10.14.39.222,Server,Ubuntu 22.04,Microsoft Exchange Server,CVE-2024-49040,A spoofing vulnerability in Microsoft Exchange Server allows message header manipulation.,Closed,Medium,2026-04-07,2026-06-30,6.5,3.1,CVSS:3.1/AV:N/AC:L/PR:N/UI:N/S:U/C:N/I:L/A:N,https://vendor-advisories.example.com/CVE-2024-49040,https://nvd.nist.gov/vuln/detail/CVE-2024-49040,Include in next scheduled patch cycle.,Update Microsoft Exchange Server to a version above 2019.,https://downloads.example.com/microsoft-exchange-server,Payments-Prod,Microsoft Exchange Server <= 2019,Critical,VULN-9790632,Software Vulnerability
PAYMENTSPROD-0030,10.14.39.222,Server,Ubuntu 22.04,Apache ActiveMQ,CVE-2023-46604,A deserialization vulnerability in ActiveMQ's OpenWire protocol allows remote code execution.,Closed,Critical,2025-11-13,2025-11-20,9.8,3.1,CVSS:3.1/AV:N/AC:L/PR:N/UI:N/S:U/C:H/I:H/A:H,https://vendor-advisories.example.com/CVE-2023-46604,https://nvd.nist.gov/vuln/detail/CVE-2023-46604,Apply vendor patch immediately; isolate host from network if patch unavailable within 24h.,Update Apache ActiveMQ to a version above 5.18.,https://downloads.example.com/apache-activemq,Payments-Prod,Apache ActiveMQ <= 5.18,Critical,VULN-6696087,Software Vulnerability
PAYMENTSPROD-0030,10.14.39.222,Server,Ubuntu 22.04,Windows TCP/IP Stack,CVE-2024-38063,An integer underflow in the Windows TCP/IP stack allows unauthenticated remote code execution.,Closed,Critical,2026-01-25,2026-02-09,9.8,3.1,CVSS:3.1/AV:N/AC:H/PR:N/UI:N/S:U/C:H/I:H/A:H,https://vendor-advisories.example.com/CVE-2024-38063,https://nvd.nist.gov/vuln/detail/CVE-2024-38063,Apply vendor patch immediately; isolate host from network if patch unavailable within 24h.,Update Windows TCP/IP Stack to a version above Windows Server 2022.,https://downloads.example.com/windows-tcp/ip-stack,Payments-Prod,Windows TCP/IP Stack <= Windows Server 2022,Critical,VULN-9555575,Software Vulnerability
PAYMENTSPROD-0030,10.14.39.222,Server,Ubuntu 22.04,Spring Framework,CVE-2022-22965,Spring4Shell — a remote code execution vulnerability in Spring MVC/WebFlux applications.,Open,Critical,2026-01-11,,9.8,3.1,CVSS:3.1/AV:N/AC:L/PR:N/UI:N/S:U/C:H/I:H/A:H,https://vendor-advisories.example.com/CVE-2022-22965,https://nvd.nist.gov/vuln/detail/CVE-2022-22965,Apply vendor patch immediately; isolate host from network if patch unavailable within 24h.,Update Spring Framework to a version above 5.3.17.,https://downloads.example.com/spring-framework,Payments-Prod,Spring Framework <= 5.3.17,Critical,VULN-6861544,Software Vulnerability
PAYMENTSPROD-0031,10.4.131.52,Server,RHEL 8,FortiOS SSL-VPN,CVE-2023-27997,A heap buffer overflow in FortiOS SSL-VPN allows unauthenticated remote code execution.,Closed,Critical,2025-11-11,2025-11-29,9.8,3.1,CVSS:3.1/AV:N/AC:L/PR:N/UI:N/S:U/C:H/I:H/A:H,https://vendor-advisories.example.com/CVE-2023-27997,https://nvd.nist.gov/vuln/detail/CVE-2023-27997,Apply vendor patch immediately; isolate host from network if patch unavailable within 24h.,Update FortiOS SSL-VPN to a version above 7.2.,https://downloads.example.com/fortios-ssl-vpn,Payments-Prod,FortiOS SSL-VPN <= 7.2,Critical,VULN-9289908,Software Vulnerability
PAYMENTSPROD-0031,10.4.131.52,Server,RHEL 8,JetBrains TeamCity,CVE-2024-27198,An authentication bypass vulnerability in TeamCity allows unauthorized administrative access.,Open,Critical,2026-05-29,,9.8,3.1,CVSS:3.1/AV:N/AC:L/PR:N/UI:N/S:U/C:H/I:H/A:H,https://vendor-advisories.example.com/CVE-2024-27198,https://nvd.nist.gov/vuln/detail/CVE-2024-27198,Apply vendor patch immediately; isolate host from network if patch unavailable within 24h.,Update JetBrains TeamCity to a version above 2023.11.,https://downloads.example.com/jetbrains-teamcity,Payments-Prod,JetBrains TeamCity <= 2023.11,Critical,VULN-8531380,Software Vulnerability
PAYMENTSPROD-0031,10.4.131.52,Server,RHEL 8,Microsoft Edge,CVE-2024-38178,A memory corruption vulnerability in the Scripting Engine allows remote code execution.,Open,High,2026-07-20,,7.5,3.1,CVSS:3.1/AV:N/AC:H/PR:N/UI:R/S:U/C:H/I:H/A:H,https://vendor-advisories.example.com/CVE-2024-38178,https://nvd.nist.gov/vuln/detail/CVE-2024-38178,Schedule patch within next maintenance window; apply compensating WAF/firewall rule if delayed.,Update Microsoft Edge to a version above Chromium-based.,https://downloads.example.com/microsoft-edge,Payments-Prod,Microsoft Edge <= Chromium-based,Critical,VULN-6422534,Software Vulnerability
PAYMENTSPROD-0032,10.14.34.122,Workstation,macOS 14,Spring Framework,CVE-2022-22965,Spring4Shell — a remote code execution vulnerability in Spring MVC/WebFlux applications.,Closed,Critical,2025-11-10,2025-11-19,9.8,3.1,CVSS:3.1/AV:N/AC:L/PR:N/UI:N/S:U/C:H/I:H/A:H,https://vendor-advisories.example.com/CVE-2022-22965,https://nvd.nist.gov/vuln/detail/CVE-2022-22965,Apply vendor patch immediately; isolate host from network if patch unavailable within 24h.,Update Spring Framework to a version above 5.3.17.,https://downloads.example.com/spring-framework,Payments-Prod,Spring Framework <= 5.3.17,Critical,VULN-2287332,Software Vulnerability
PAYMENTSPROD-0032,10.14.34.122,Workstation,macOS 14,PAN-OS,CVE-2024-3400,A command injection vulnerability in PAN-OS GlobalProtect allows unauthenticated RCE.,Open,Critical,2025-11-19,,10.0,3.1,CVSS:3.1/AV:N/AC:L/PR:N/UI:N/S:C/C:H/I:H/A:H,https://vendor-advisories.example.com/CVE-2024-3400,https://nvd.nist.gov/vuln/detail/CVE-2024-3400,Apply vendor patch immediately; isolate host from network if patch unavailable within 24h.,Update PAN-OS to a version above 11.1.,https://downloads.example.com/pan-os,Payments-Prod,PAN-OS <= 11.1,Critical,VULN-9507186,Software Vulnerability
PAYMENTSPROD-0032,10.14.34.122,Workstation,macOS 14,Windows Wi-Fi Driver,CVE-2024-30078,A remote code execution vulnerability exists in the Windows Wi-Fi driver.,Closed,Critical,2026-04-18,2026-04-29,8.8,3.1,CVSS:3.1/AV:A/AC:L/PR:N/UI:N/S:U/C:H/I:H/A:H,https://vendor-advisories.example.com/CVE-2024-30078,https://nvd.nist.gov/vuln/detail/CVE-2024-30078,Apply vendor patch immediately; isolate host from network if patch unavailable within 24h.,Update Windows Wi-Fi Driver to a version above Windows 11.,https://downloads.example.com/windows-wi-fi-driver,Payments-Prod,Windows Wi-Fi Driver <= Windows 11,Critical,VULN-1688246,Software Vulnerability
PAYMENTSPROD-0032,10.14.34.122,Workstation,macOS 14,libwebp,CVE-2023-4863,A heap buffer overflow in libwebp's image decoding can lead to remote code execution.,Open,High,2026-05-22,,8.8,3.1,CVSS:3.1/AV:N/AC:L/PR:N/UI:R/S:U/C:H/I:H/A:H,https://vendor-advisories.example.com/CVE-2023-4863,https://nvd.nist.gov/vuln/detail/CVE-2023-4863,Schedule patch within next maintenance window; apply compensating WAF/firewall rule if delayed.,Update libwebp to a version above 1.3.1.,https://downloads.example.com/libwebp,Payments-Prod,libwebp <= 1.3.1,Critical,VULN-4158134,Software Vulnerability
PAYMENTSPROD-0032,10.14.34.122,Workstation,macOS 14,MOVEit Transfer,CVE-2023-34362,A SQL injection vulnerability in MOVEit Transfer allows unauthenticated remote code execution.,Open,Critical,2026-03-17,,9.8,3.1,CVSS:3.1/AV:N/AC:L/PR:N/UI:N/S:U/C:H/I:H/A:H,https://vendor-advisories.example.com/CVE-2023-34362,https://nvd.nist.gov/vuln/detail/CVE-2023-34362,Apply vendor patch immediately; isolate host from network if patch unavailable within 24h.,Update MOVEit Transfer to a version above 2023.0.,https://downloads.example.com/moveit-transfer,Payments-Prod,MOVEit Transfer <= 2023.0,Critical,VULN-9411547,Software Vulnerability
PAYMENTSPROD-0032,10.14.34.122,Workstation,macOS 14,OpenSSH,CVE-2024-6387,A signal handler race condition in OpenSSH server allows unauthenticated remote code execution.,Open,Critical,2025-12-20,,9.8,3.1,CVSS:3.1/AV:N/AC:H/PR:N/UI:N/S:U/C:H/I:H/A:H,https://vendor-advisories.example.com/CVE-2024-6387,https://nvd.nist.gov/vuln/detail/CVE-2024-6387,Apply vendor patch immediately; isolate host from network if patch unavailable within 24h.,Update OpenSSH to a version above 8.9p1.,https://downloads.example.com/openssh,Payments-Prod,OpenSSH <= 8.9p1,Critical,VULN-8558523,Software Vulnerability
PAYMENTSPROD-0032,10.14.34.122,Workstation,macOS 14,FortiOS,CVE-2024-21762,An out-of-bounds write vulnerability in FortiOS SSL-VPN allows unauthenticated RCE.,Open,Critical,2025-11-25,,9.8,3.1,CVSS:3.1/AV:N/AC:L/PR:N/UI:N/S:U/C:H/I:H/A:H,https://vendor-advisories.example.com/CVE-2024-21762,https://nvd.nist.gov/vuln/detail/CVE-2024-21762,Apply vendor patch immediately; isolate host from network if patch unavailable within 24h.,Update FortiOS to a version above 7.4.,https://downloads.example.com/fortios,Payments-Prod,FortiOS <= 7.4,Critical,VULN-6761929,Software Vulnerability
PAYMENTSPROD-0032,10.14.34.122,Workstation,macOS 14,VMware Aria Operations,CVE-2023-20887,A command injection vulnerability allows remote code execution on the appliance.,Closed,High,2025-11-16,2025-12-13,8.6,3.1,CVSS:3.1/AV:N/AC:L/PR:H/UI:N/S:U/C:H/I:H/A:H,https://vendor-advisories.example.com/CVE-2023-20887,https://nvd.nist.gov/vuln/detail/CVE-2023-20887,Schedule patch within next maintenance window; apply compensating WAF/firewall rule if delayed.,Update VMware Aria Operations to a version above 8.10.,https://downloads.example.com/vmware-aria-operations,Payments-Prod,VMware Aria Operations <= 8.10,Critical,VULN-8372274,Software Vulnerability
PAYMENTSPROD-0033,10.11.144.101,Server,Windows Server 2022,Microsoft Edge,CVE-2024-38178,A memory corruption vulnerability in the Scripting Engine allows remote code execution.,Reopened,High,2026-03-24,2026-04-24,7.5,3.1,CVSS:3.1/AV:N/AC:H/PR:N/UI:R/S:U/C:H/I:H/A:H,https://vendor-advisories.example.com/CVE-2024-38178,https://nvd.nist.gov/vuln/detail/CVE-2024-38178,Schedule patch within next maintenance window; apply compensating WAF/firewall rule if delayed.,Update Microsoft Edge to a version above Chromium-based.,https://downloads.example.com/microsoft-edge,Payments-Prod,Microsoft Edge <= Chromium-based,Critical,VULN-7485471,Software Vulnerability
PAYMENTSPROD-0033,10.11.144.101,Server,Windows Server 2022,Atlassian Confluence,CVE-2023-22515,A broken access control vulnerability allows creation of unauthorized administrator accounts.,Closed,Critical,2026-02-26,2026-03-19,9.1,3.1,CVSS:3.1/AV:N/AC:L/PR:N/UI:N/S:U/C:N/I:H/A:N,https://vendor-advisories.example.com/CVE-2023-22515,https://nvd.nist.gov/vuln/detail/CVE-2023-22515,Apply vendor patch immediately; isolate host from network if patch unavailable within 24h.,Update Atlassian Confluence to a version above 8.5.,https://downloads.example.com/atlassian-confluence,Payments-Prod,Atlassian Confluence <= 8.5,Critical,VULN-3522845,Software Vulnerability
PAYMENTSPROD-0033,10.11.144.101,Server,Windows Server 2022,Apache Log4j,CVE-2021-44228,Log4Shell — a JNDI injection vulnerability allows unauthenticated remote code execution.,Closed,Critical,2026-03-23,2026-03-24,10.0,3.1,CVSS:3.1/AV:N/AC:L/PR:N/UI:N/S:C/C:H/I:H/A:H,https://vendor-advisories.example.com/CVE-2021-44228,https://nvd.nist.gov/vuln/detail/CVE-2021-44228,Apply vendor patch immediately; isolate host from network if patch unavailable within 24h.,Update Apache Log4j to a version above 2.14.1.,https://downloads.example.com/apache-log4j,Payments-Prod,Apache Log4j <= 2.14.1,Critical,VULN-6869018,Software Vulnerability
PAYMENTSPROD-0033,10.11.144.101,Server,Windows Server 2022,FortiOS SSL-VPN,CVE-2023-27997,A heap buffer overflow in FortiOS SSL-VPN allows unauthenticated remote code execution.,Open,Critical,2026-03-11,,9.8,3.1,CVSS:3.1/AV:N/AC:L/PR:N/UI:N/S:U/C:H/I:H/A:H,https://vendor-advisories.example.com/CVE-2023-27997,https://nvd.nist.gov/vuln/detail/CVE-2023-27997,Apply vendor patch immediately; isolate host from network if patch unavailable within 24h.,Update FortiOS SSL-VPN to a version above 7.2.,https://downloads.example.com/fortios-ssl-vpn,Payments-Prod,FortiOS SSL-VPN <= 7.2,Critical,VULN-7575963,Software Vulnerability
PAYMENTSPROD-0033,10.11.144.101,Server,Windows Server 2022,OpenSSH,CVE-2024-6387,A signal handler race condition in OpenSSH server allows unauthenticated remote code execution.,Open,Critical,2025-12-09,,9.8,3.1,CVSS:3.1/AV:N/AC:H/PR:N/UI:N/S:U/C:H/I:H/A:H,https://vendor-advisories.example.com/CVE-2024-6387,https://nvd.nist.gov/vuln/detail/CVE-2024-6387,Apply vendor patch immediately; isolate host from network if patch unavailable within 24h.,Update OpenSSH to a version above 8.9p1.,https://downloads.example.com/openssh,Payments-Prod,OpenSSH <= 8.9p1,Critical,VULN-2421349,Software Vulnerability
PAYMENTSPROD-0033,10.11.144.101,Server,Windows Server 2022,Spring Framework,CVE-2022-22965,Spring4Shell — a remote code execution vulnerability in Spring MVC/WebFlux applications.,Closed,Critical,2026-03-11,2026-03-18,9.8,3.1,CVSS:3.1/AV:N/AC:L/PR:N/UI:N/S:U/C:H/I:H/A:H,https://vendor-advisories.example.com/CVE-2022-22965,https://nvd.nist.gov/vuln/detail/CVE-2022-22965,Apply vendor patch immediately; isolate host from network if patch unavailable within 24h.,Update Spring Framework to a version above 5.3.17.,https://downloads.example.com/spring-framework,Payments-Prod,Spring Framework <= 5.3.17,Critical,VULN-9831414,Software Vulnerability
PAYMENTSPROD-0033,10.11.144.101,Server,Windows Server 2022,Microsoft Exchange Server,CVE-2024-49040,A spoofing vulnerability in Microsoft Exchange Server allows message header manipulation.,Open,Medium,2025-11-20,,6.5,3.1,CVSS:3.1/AV:N/AC:L/PR:N/UI:N/S:U/C:N/I:L/A:N,https://vendor-advisories.example.com/CVE-2024-49040,https://nvd.nist.gov/vuln/detail/CVE-2024-49040,Include in next scheduled patch cycle.,Update Microsoft Exchange Server to a version above 2019.,https://downloads.example.com/microsoft-exchange-server,Payments-Prod,Microsoft Exchange Server <= 2019,Critical,VULN-8103580,Software Vulnerability
PAYMENTSPROD-0034,10.5.109.89,Server,Ubuntu 22.04,PHP,CVE-2024-4577,A CGI argument injection vulnerability in PHP on Windows allows remote code execution.,Open,Critical,2025-12-10,,9.8,3.1,CVSS:3.1/AV:N/AC:L/PR:N/UI:N/S:U/C:H/I:H/A:H,https://vendor-advisories.example.com/CVE-2024-4577,https://nvd.nist.gov/vuln/detail/CVE-2024-4577,Apply vendor patch immediately; isolate host from network if patch unavailable within 24h.,Update PHP to a version above 8.1.,https://downloads.example.com/php,Payments-Prod,PHP <= 8.1,Critical,VULN-3587931,Software Vulnerability
PAYMENTSPROD-0034,10.5.109.89,Server,Ubuntu 22.04,ConnectWise ScreenConnect,CVE-2024-1709,An authentication bypass in ScreenConnect allows an attacker to create an administrative account.,Closed,Critical,2025-12-26,2026-01-01,10.0,3.1,CVSS:3.1/AV:N/AC:L/PR:N/UI:N/S:U/C:H/I:H/A:H,https://vendor-advisories.example.com/CVE-2024-1709,https://nvd.nist.gov/vuln/detail/CVE-2024-1709,Apply vendor patch immediately; isolate host from network if patch unavailable within 24h.,Update ConnectWise ScreenConnect to a version above 23.9.,https://downloads.example.com/connectwise-screenconnect,Payments-Prod,ConnectWise ScreenConnect <= 23.9,Critical,VULN-3777286,Software Vulnerability
PAYMENTSPROD-0034,10.5.109.89,Server,Ubuntu 22.04,Jenkins,CVE-2024-23897,An arbitrary file read vulnerability in Jenkins' CLI command parser can lead to RCE.,Closed,Critical,2026-05-16,2026-05-20,9.8,3.1,CVSS:3.1/AV:N/AC:L/PR:N/UI:N/S:U/C:H/I:H/A:H,https://vendor-advisories.example.com/CVE-2024-23897,https://nvd.nist.gov/vuln/detail/CVE-2024-23897,Apply vendor patch immediately; isolate host from network if patch unavailable within 24h.,Update Jenkins to a version above 2.441.,https://downloads.example.com/jenkins,Payments-Prod,Jenkins <= 2.441,Critical,VULN-5780297,Software Vulnerability
PAYMENTSPROD-0034,10.5.109.89,Server,Ubuntu 22.04,JetBrains TeamCity,CVE-2024-27198,An authentication bypass vulnerability in TeamCity allows unauthorized administrative access.,Closed,Critical,2026-05-21,2026-06-09,9.8,3.1,CVSS:3.1/AV:N/AC:L/PR:N/UI:N/S:U/C:H/I:H/A:H,https://vendor-advisories.example.com/CVE-2024-27198,https://nvd.nist.gov/vuln/detail/CVE-2024-27198,Apply vendor patch immediately; isolate host from network if patch unavailable within 24h.,Update JetBrains TeamCity to a version above 2023.11.,https://downloads.example.com/jetbrains-teamcity,Payments-Prod,JetBrains TeamCity <= 2023.11,Critical,VULN-8868776,Software Vulnerability
PAYMENTSPROD-0034,10.5.109.89,Server,Ubuntu 22.04,Windows Hyper-V,CVE-2024-38080,A privilege escalation vulnerability in Windows Hyper-V allows an attacker to gain SYSTEM privileges.,Closed,Critical,2026-01-11,2026-02-09,7.8,3.1,CVSS:3.1/AV:L/AC:L/PR:L/UI:N/S:U/C:H/I:H/A:H,https://vendor-advisories.example.com/CVE-2024-38080,https://nvd.nist.gov/vuln/detail/CVE-2024-38080,Apply vendor patch immediately; isolate host from network if patch unavailable within 24h.,Update Windows Hyper-V to a version above Windows Server 2022.,https://downloads.example.com/windows-hyper-v,Payments-Prod,Windows Hyper-V <= Windows Server 2022,Critical,VULN-5727345,Software Vulnerability
PAYMENTSPROD-0034,10.5.109.89,Server,Ubuntu 22.04,nginx,CVE-2023-44487,HTTP/2 Rapid Reset allows a denial-of-service attack against affected servers.,Closed,High,2026-04-17,2026-04-26,7.5,3.1,CVSS:3.1/AV:N/AC:L/PR:N/UI:N/S:U/C:N/I:N/A:H,https://vendor-advisories.example.com/CVE-2023-44487,https://nvd.nist.gov/vuln/detail/CVE-2023-44487,Schedule patch within next maintenance window; apply compensating WAF/firewall rule if delayed.,Update nginx to a version above 1.24.,https://downloads.example.com/nginx,Payments-Prod,nginx <= 1.24,Critical,VULN-3718884,Software Vulnerability
PAYMENTSPROD-0034,10.5.109.89,Server,Ubuntu 22.04,PAN-OS,CVE-2024-3400,A command injection vulnerability in PAN-OS GlobalProtect allows unauthenticated RCE.,Open,Critical,2026-01-14,,10.0,3.1,CVSS:3.1/AV:N/AC:L/PR:N/UI:N/S:C/C:H/I:H/A:H,https://vendor-advisories.example.com/CVE-2024-3400,https://nvd.nist.gov/vuln/detail/CVE-2024-3400,Apply vendor patch immediately; isolate host from network if patch unavailable within 24h.,Update PAN-OS to a version above 11.1.,https://downloads.example.com/pan-os,Payments-Prod,PAN-OS <= 11.1,Critical,VULN-3321942,Software Vulnerability
PAYMENTSPROD-0034,10.5.109.89,Server,Ubuntu 22.04,Microsoft Outlook,CVE-2024-21413,A vulnerability in Microsoft Outlook allows remote code execution via a crafted email.,Closed,Critical,2026-02-09,2026-02-13,9.8,3.1,CVSS:3.1/AV:N/AC:L/PR:N/UI:R/S:C/C:H/I:H/A:H,https://vendor-advisories.example.com/CVE-2024-21413,https://nvd.nist.gov/vuln/detail/CVE-2024-21413,Apply vendor patch immediately; isolate host from network if patch unavailable within 24h.,Update Microsoft Outlook to a version above 2021.,https://downloads.example.com/microsoft-outlook,Payments-Prod,Microsoft Outlook <= 2021,Critical,VULN-9655523,Software Vulnerability
PAYMENTSPROD-0034,10.5.109.89,Server,Ubuntu 22.04,VMware Aria Operations,CVE-2023-20887,A command injection vulnerability allows remote code execution on the appliance.,Closed,High,2025-12-06,2025-12-30,8.6,3.1,CVSS:3.1/AV:N/AC:L/PR:H/UI:N/S:U/C:H/I:H/A:H,https://vendor-advisories.example.com/CVE-2023-20887,https://nvd.nist.gov/vuln/detail/CVE-2023-20887,Schedule patch within next maintenance window; apply compensating WAF/firewall rule if delayed.,Update VMware Aria Operations to a version above 8.10.,https://downloads.example.com/vmware-aria-operations,Payments-Prod,VMware Aria Operations <= 8.10,Critical,VULN-5576678,Software Vulnerability
PAYMENTSPROD-0034,10.5.109.89,Server,Ubuntu 22.04,MySQL,CVE-2024-6670,An authentication vulnerability in MySQL allows unauthorized password reset.,Open,High,2026-05-22,,8.1,3.1,CVSS:3.1/AV:N/AC:L/PR:N/UI:N/S:U/C:H/I:N/A:N,https://vendor-advisories.example.com/CVE-2024-6670,https://nvd.nist.gov/vuln/detail/CVE-2024-6670,Schedule patch within next maintenance window; apply compensating WAF/firewall rule if delayed.,Update MySQL to a version above 8.0.35.,https://downloads.example.com/mysql,Payments-Prod,MySQL <= 8.0.35,Critical,VULN-3472100,Software Vulnerability
PAYMENTSPROD-0034,10.5.109.89,Server,Ubuntu 22.04,Apache Log4j,CVE-2021-44228,Log4Shell — a JNDI injection vulnerability allows unauthenticated remote code execution.,Closed,Critical,2026-05-15,2026-06-05,10.0,3.1,CVSS:3.1/AV:N/AC:L/PR:N/UI:N/S:C/C:H/I:H/A:H,https://vendor-advisories.example.com/CVE-2021-44228,https://nvd.nist.gov/vuln/detail/CVE-2021-44228,Apply vendor patch immediately; isolate host from network if patch unavailable within 24h.,Update Apache Log4j to a version above 2.14.1.,https://downloads.example.com/apache-log4j,Payments-Prod,Apache Log4j <= 2.14.1,Critical,VULN-1447451,Software Vulnerability
PAYMENTSPROD-0034,10.5.109.89,Server,Ubuntu 22.04,OpenSSH,CVE-2024-6387,A signal handler race condition in OpenSSH server allows unauthenticated remote code execution.,Closed,Critical,2026-05-04,2026-05-08,9.8,3.1,CVSS:3.1/AV:N/AC:H/PR:N/UI:N/S:U/C:H/I:H/A:H,https://vendor-advisories.example.com/CVE-2024-6387,https://nvd.nist.gov/vuln/detail/CVE-2024-6387,Apply vendor patch immediately; isolate host from network if patch unavailable within 24h.,Update OpenSSH to a version above 8.9p1.,https://downloads.example.com/openssh,Payments-Prod,OpenSSH <= 8.9p1,Critical,VULN-4955699,Software Vulnerability
PAYMENTSPROD-0034,10.5.109.89,Server,Ubuntu 22.04,Atlassian Confluence,CVE-2023-22515,A broken access control vulnerability allows creation of unauthorized administrator accounts.,Open,Critical,2026-04-19,,9.1,3.1,CVSS:3.1/AV:N/AC:L/PR:N/UI:N/S:U/C:N/I:H/A:N,https://vendor-advisories.example.com/CVE-2023-22515,https://nvd.nist.gov/vuln/detail/CVE-2023-22515,Apply vendor patch immediately; isolate host from network if patch unavailable within 24h.,Update Atlassian Confluence to a version above 8.5.,https://downloads.example.com/atlassian-confluence,Payments-Prod,Atlassian Confluence <= 8.5,Critical,VULN-7289990,Software Vulnerability
PAYMENTSPROD-0035,10.25.74.37,Server,RHEL 9,PAN-OS,CVE-2024-3400,A command injection vulnerability in PAN-OS GlobalProtect allows unauthenticated RCE.,Open,Critical,2026-06-02,,10.0,3.1,CVSS:3.1/AV:N/AC:L/PR:N/UI:N/S:C/C:H/I:H/A:H,https://vendor-advisories.example.com/CVE-2024-3400,https://nvd.nist.gov/vuln/detail/CVE-2024-3400,Apply vendor patch immediately; isolate host from network if patch unavailable within 24h.,Update PAN-OS to a version above 11.1.,https://downloads.example.com/pan-os,Payments-Prod,PAN-OS <= 11.1,Medium,VULN-3328554,Software Vulnerability
PAYMENTSPROD-0036,10.0.40.6,Workstation,Windows 11,ConnectWise ScreenConnect,CVE-2024-1709,An authentication bypass in ScreenConnect allows an attacker to create an administrative account.,Closed,Critical,2026-07-01,2026-07-13,10.0,3.1,CVSS:3.1/AV:N/AC:L/PR:N/UI:N/S:U/C:H/I:H/A:H,https://vendor-advisories.example.com/CVE-2024-1709,https://nvd.nist.gov/vuln/detail/CVE-2024-1709,Apply vendor patch immediately; isolate host from network if patch unavailable within 24h.,Update ConnectWise ScreenConnect to a version above 23.9.,https://downloads.example.com/connectwise-screenconnect,Payments-Prod,ConnectWise ScreenConnect <= 23.9,Critical,VULN-5000351,Software Vulnerability
PAYMENTSPROD-0036,10.0.40.6,Workstation,Windows 11,Windows Hyper-V,CVE-2024-38080,A privilege escalation vulnerability in Windows Hyper-V allows an attacker to gain SYSTEM privileges.,Open,Critical,2026-05-06,,7.8,3.1,CVSS:3.1/AV:L/AC:L/PR:L/UI:N/S:U/C:H/I:H/A:H,https://vendor-advisories.example.com/CVE-2024-38080,https://nvd.nist.gov/vuln/detail/CVE-2024-38080,Apply vendor patch immediately; isolate host from network if patch unavailable within 24h.,Update Windows Hyper-V to a version above Windows Server 2022.,https://downloads.example.com/windows-hyper-v,Payments-Prod,Windows Hyper-V <= Windows Server 2022,Critical,VULN-8669093,Software Vulnerability
PAYMENTSPROD-0036,10.0.40.6,Workstation,Windows 11,JetBrains TeamCity,CVE-2024-27198,An authentication bypass vulnerability in TeamCity allows unauthorized administrative access.,Closed,Critical,2025-11-05,2025-11-11,9.8,3.1,CVSS:3.1/AV:N/AC:L/PR:N/UI:N/S:U/C:H/I:H/A:H,https://vendor-advisories.example.com/CVE-2024-27198,https://nvd.nist.gov/vuln/detail/CVE-2024-27198,Apply vendor patch immediately; isolate host from network if patch unavailable within 24h.,Update JetBrains TeamCity to a version above 2023.11.,https://downloads.example.com/jetbrains-teamcity,Payments-Prod,JetBrains TeamCity <= 2023.11,Critical,VULN-9993490,Software Vulnerability
PAYMENTSPROD-0036,10.0.40.6,Workstation,Windows 11,MySQL,CVE-2024-6670,An authentication vulnerability in MySQL allows unauthorized password reset.,Open,High,2025-10-12,,8.1,3.1,CVSS:3.1/AV:N/AC:L/PR:N/UI:N/S:U/C:H/I:N/A:N,https://vendor-advisories.example.com/CVE-2024-6670,https://nvd.nist.gov/vuln/detail/CVE-2024-6670,Schedule patch within next maintenance window; apply compensating WAF/firewall rule if delayed.,Update MySQL to a version above 8.0.35.,https://downloads.example.com/mysql,Payments-Prod,MySQL <= 8.0.35,Critical,VULN-5059048,Software Vulnerability
PAYMENTSPROD-0036,10.0.40.6,Workstation,Windows 11,WordPress Backup Migration Plugin,CVE-2023-6553,A remote code execution vulnerability in the Backup Migration WordPress plugin.,Closed,High,2025-12-16,2026-01-20,8.8,3.1,CVSS:3.1/AV:N/AC:L/PR:N/UI:N/S:U/C:H/I:H/A:H,https://vendor-advisories.example.com/CVE-2023-6553,https://nvd.nist.gov/vuln/detail/CVE-2023-6553,Schedule patch within next maintenance window; apply compensating WAF/firewall rule if delayed.,Update WordPress Backup Migration Plugin to a version above 1.3.7.,https://downloads.example.com/wordpress-backup-migration-plugin,Payments-Prod,WordPress Backup Migration Plugin <= 1.3.7,Critical,VULN-4142605,Software Vulnerability
PAYMENTSPROD-0037,10.11.34.246,Server,Ubuntu 22.04,MySQL,CVE-2024-6670,An authentication vulnerability in MySQL allows unauthorized password reset.,Open,High,2026-04-20,,8.1,3.1,CVSS:3.1/AV:N/AC:L/PR:N/UI:N/S:U/C:H/I:N/A:N,https://vendor-advisories.example.com/CVE-2024-6670,https://nvd.nist.gov/vuln/detail/CVE-2024-6670,Schedule patch within next maintenance window; apply compensating WAF/firewall rule if delayed.,Update MySQL to a version above 8.0.35.,https://downloads.example.com/mysql,Payments-Prod,MySQL <= 8.0.35,Critical,VULN-5255545,Software Vulnerability
PAYMENTSPROD-0037,10.11.34.246,Server,Ubuntu 22.04,VMware Aria Operations,CVE-2023-20887,A command injection vulnerability allows remote code execution on the appliance.,Reopened,High,2025-10-12,2025-11-03,8.6,3.1,CVSS:3.1/AV:N/AC:L/PR:H/UI:N/S:U/C:H/I:H/A:H,https://vendor-advisories.example.com/CVE-2023-20887,https://nvd.nist.gov/vuln/detail/CVE-2023-20887,Schedule patch within next maintenance window; apply compensating WAF/firewall rule if delayed.,Update VMware Aria Operations to a version above 8.10.,https://downloads.example.com/vmware-aria-operations,Payments-Prod,VMware Aria Operations <= 8.10,Critical,VULN-5045421,Software Vulnerability
PAYMENTSPROD-0037,10.11.34.246,Server,Ubuntu 22.04,Windows Wi-Fi Driver,CVE-2024-30078,A remote code execution vulnerability exists in the Windows Wi-Fi driver.,Open,Critical,2025-11-26,,8.8,3.1,CVSS:3.1/AV:A/AC:L/PR:N/UI:N/S:U/C:H/I:H/A:H,https://vendor-advisories.example.com/CVE-2024-30078,https://nvd.nist.gov/vuln/detail/CVE-2024-30078,Apply vendor patch immediately; isolate host from network if patch unavailable within 24h.,Update Windows Wi-Fi Driver to a version above Windows 11.,https://downloads.example.com/windows-wi-fi-driver,Payments-Prod,Windows Wi-Fi Driver <= Windows 11,Critical,VULN-6578736,Software Vulnerability
PAYMENTSPROD-0037,10.11.34.246,Server,Ubuntu 22.04,Microsoft SharePoint Server,CVE-2023-29357,A privilege escalation vulnerability in SharePoint Server allows an attacker to gain administrator privileges.,Closed,Critical,2025-12-11,2025-12-12,9.8,3.1,CVSS:3.1/AV:N/AC:L/PR:N/UI:N/S:U/C:H/I:H/A:H,https://vendor-advisories.example.com/CVE-2023-29357,https://nvd.nist.gov/vuln/detail/CVE-2023-29357,Apply vendor patch immediately; isolate host from network if patch unavailable within 24h.,Update Microsoft SharePoint Server to a version above Subscription Edition.,https://downloads.example.com/microsoft-sharepoint-server,Payments-Prod,Microsoft SharePoint Server <= Subscription Edition,Critical,VULN-8795078,Software Vulnerability
PAYMENTSPROD-0037,10.11.34.246,Server,Ubuntu 22.04,Microsoft Exchange Server,CVE-2024-49040,A spoofing vulnerability in Microsoft Exchange Server allows message header manipulation.,Open,Medium,2026-06-06,,6.5,3.1,CVSS:3.1/AV:N/AC:L/PR:N/UI:N/S:U/C:N/I:L/A:N,https://vendor-advisories.example.com/CVE-2024-49040,https://nvd.nist.gov/vuln/detail/CVE-2024-49040,Include in next scheduled patch cycle.,Update Microsoft Exchange Server to a version above 2019.,https://downloads.example.com/microsoft-exchange-server,Payments-Prod,Microsoft Exchange Server <= 2019,Critical,VULN-3262450,Software Vulnerability
PAYMENTSPROD-0037,10.11.34.246,Server,Ubuntu 22.04,xz-utils,CVE-2024-3094,A backdoor was discovered in xz-utils that allows remote code execution via SSH.,Open,Critical,2025-11-05,,10.0,3.1,CVSS:3.1/AV:N/AC:L/PR:N/UI:N/S:C/C:H/I:H/A:H,https://vendor-advisories.example.com/CVE-2024-3094,https://nvd.nist.gov/vuln/detail/CVE-2024-3094,Apply vendor patch immediately; isolate host from network if patch unavailable within 24h.,Update xz-utils to a version above 5.6.0.,https://downloads.example.com/xz-utils,Payments-Prod,xz-utils <= 5.6.0,Critical,VULN-8678589,Software Vulnerability
PAYMENTSPROD-0037,10.11.34.246,Server,Ubuntu 22.04,Apache ActiveMQ,CVE-2023-46604,A deserialization vulnerability in ActiveMQ's OpenWire protocol allows remote code execution.,Reopened,Critical,2025-10-22,2025-10-29,9.8,3.1,CVSS:3.1/AV:N/AC:L/PR:N/UI:N/S:U/C:H/I:H/A:H,https://vendor-advisories.example.com/CVE-2023-46604,https://nvd.nist.gov/vuln/detail/CVE-2023-46604,Apply vendor patch immediately; isolate host from network if patch unavailable within 24h.,Update Apache ActiveMQ to a version above 5.18.,https://downloads.example.com/apache-activemq,Payments-Prod,Apache ActiveMQ <= 5.18,Critical,VULN-4346548,Software Vulnerability
PAYMENTSPROD-0037,10.11.34.246,Server,Ubuntu 22.04,PHP,CVE-2024-4577,A CGI argument injection vulnerability in PHP on Windows allows remote code execution.,Closed,Critical,2025-10-25,2025-11-02,9.8,3.1,CVSS:3.1/AV:N/AC:L/PR:N/UI:N/S:U/C:H/I:H/A:H,https://vendor-advisories.example.com/CVE-2024-4577,https://nvd.nist.gov/vuln/detail/CVE-2024-4577,Apply vendor patch immediately; isolate host from network if patch unavailable within 24h.,Update PHP to a version above 8.1.,https://downloads.example.com/php,Payments-Prod,PHP <= 8.1,Critical,VULN-8942330,Software Vulnerability
PAYMENTSPROD-0037,10.11.34.246,Server,Ubuntu 22.04,OpenSSH,CVE-2024-6387,A signal handler race condition in OpenSSH server allows unauthenticated remote code execution.,Closed,Critical,2026-02-10,2026-02-27,9.8,3.1,CVSS:3.1/AV:N/AC:H/PR:N/UI:N/S:U/C:H/I:H/A:H,https://vendor-advisories.example.com/CVE-2024-6387,https://nvd.nist.gov/vuln/detail/CVE-2024-6387,Apply vendor patch immediately; isolate host from network if patch unavailable within 24h.,Update OpenSSH to a version above 8.9p1.,https://downloads.example.com/openssh,Payments-Prod,OpenSSH <= 8.9p1,Critical,VULN-5800144,Software Vulnerability
PAYMENTSPROD-0038,10.8.63.206,Server,Ubuntu 22.04,Veeam Backup,CVE-2024-29849,An authentication bypass vulnerability allows unauthorized access to Veeam Backup Enterprise Manager.,Open,High,2026-03-26,,8.1,3.1,CVSS:3.1/AV:N/AC:L/PR:N/UI:N/S:U/C:H/I:N/A:N,https://vendor-advisories.example.com/CVE-2024-29849,https://nvd.nist.gov/vuln/detail/CVE-2024-29849,Schedule patch within next maintenance window; apply compensating WAF/firewall rule if delayed.,Update Veeam Backup to a version above 12.1.,https://downloads.example.com/veeam-backup,Payments-Prod,Veeam Backup <= 12.1,Medium,VULN-9324908,Software Vulnerability
PAYMENTSPROD-0038,10.8.63.206,Server,Ubuntu 22.04,Microsoft SharePoint Server,CVE-2023-29357,A privilege escalation vulnerability in SharePoint Server allows an attacker to gain administrator privileges.,Reopened,Critical,2026-06-15,2026-06-27,9.8,3.1,CVSS:3.1/AV:N/AC:L/PR:N/UI:N/S:U/C:H/I:H/A:H,https://vendor-advisories.example.com/CVE-2023-29357,https://nvd.nist.gov/vuln/detail/CVE-2023-29357,Apply vendor patch immediately; isolate host from network if patch unavailable within 24h.,Update Microsoft SharePoint Server to a version above Subscription Edition.,https://downloads.example.com/microsoft-sharepoint-server,Payments-Prod,Microsoft SharePoint Server <= Subscription Edition,Medium,VULN-8121922,Software Vulnerability
PAYMENTSPROD-0038,10.8.63.206,Server,Ubuntu 22.04,Apache ActiveMQ,CVE-2023-46604,A deserialization vulnerability in ActiveMQ's OpenWire protocol allows remote code execution.,Closed,Critical,2025-11-13,2025-11-19,9.8,3.1,CVSS:3.1/AV:N/AC:L/PR:N/UI:N/S:U/C:H/I:H/A:H,https://vendor-advisories.example.com/CVE-2023-46604,https://nvd.nist.gov/vuln/detail/CVE-2023-46604,Apply vendor patch immediately; isolate host from network if patch unavailable within 24h.,Update Apache ActiveMQ to a version above 5.18.,https://downloads.example.com/apache-activemq,Payments-Prod,Apache ActiveMQ <= 5.18,Medium,VULN-4027557,Software Vulnerability
PAYMENTSPROD-0038,10.8.63.206,Server,Ubuntu 22.04,WordPress Backup Migration Plugin,CVE-2023-6553,A remote code execution vulnerability in the Backup Migration WordPress plugin.,Closed,High,2026-07-10,2026-07-31,8.8,3.1,CVSS:3.1/AV:N/AC:L/PR:N/UI:N/S:U/C:H/I:H/A:H,https://vendor-advisories.example.com/CVE-2023-6553,https://nvd.nist.gov/vuln/detail/CVE-2023-6553,Schedule patch within next maintenance window; apply compensating WAF/firewall rule if delayed.,Update WordPress Backup Migration Plugin to a version above 1.3.7.,https://downloads.example.com/wordpress-backup-migration-plugin,Payments-Prod,WordPress Backup Migration Plugin <= 1.3.7,Medium,VULN-8481225,Software Vulnerability
PAYMENTSPROD-0038,10.8.63.206,Server,Ubuntu 22.04,Microsoft Office,CVE-2023-36884,A vulnerability in Microsoft Office allows remote code execution via a crafted document.,Closed,High,2026-05-10,2026-06-08,7.8,3.1,CVSS:3.1/AV:N/AC:H/PR:N/UI:R/S:U/C:H/I:H/A:H,https://vendor-advisories.example.com/CVE-2023-36884,https://nvd.nist.gov/vuln/detail/CVE-2023-36884,Schedule patch within next maintenance window; apply compensating WAF/firewall rule if delayed.,Update Microsoft Office to a version above 2021.,https://downloads.example.com/microsoft-office,Payments-Prod,Microsoft Office <= 2021,Medium,VULN-8501590,Software Vulnerability
PAYMENTSPROD-0038,10.8.63.206,Server,Ubuntu 22.04,Windows Common Log File System Driver,CVE-2024-49138,A privilege escalation vulnerability allows an attacker to gain SYSTEM privileges.,Open,High,2025-10-25,,7.8,3.1,CVSS:3.1/AV:L/AC:L/PR:L/UI:N/S:U/C:H/I:H/A:H,https://vendor-advisories.example.com/CVE-2024-49138,https://nvd.nist.gov/vuln/detail/CVE-2024-49138,Schedule patch within next maintenance window; apply compensating WAF/firewall rule if delayed.,Update Windows Common Log File System Driver to a version above Windows Server 2019.,https://downloads.example.com/windows-common-log-file-system-driver,Payments-Prod,Windows Common Log File System Driver <= Windows Server 2019,Medium,VULN-6914963,Software Vulnerability
